1259
297783
683976
393480
846946
704281
476689
595194
253740
319658
120420
979637
68658
179777
866318
286371
831266
395447
64766
415791
170701
986091
263176
358218
828521
784832
11235
157929
471760
297694
504683
162629
192191
695917
764575
394458
217816
278621
954148
599592
269920
974305
387136
415477
754882
476591
771744
576969
466634
665026
19155
428976
58155
192344
960013
477948
675321
861428
793125
704640
31792
41501
630935
751894
453739
492637
973762
971994
558382
61763
633387
185261
807772
627170
392761
269299
762114
594575
340471
426837
946058
416359
490453
636608
705609
978183
818278
844580
809074
951122
230244
899125
235040
847343
715496
177966
532880
656071
598962
680009
91108
953547
817383
259784
974241
917101
710093
511471
471026
948322
771601
192776
276579
221158
595011
69022
37351
818168
326420
907650
329554
751066
953694
249737
676512
315282
15772
142987
781996
459756
7534
316198
118394
322998
790743
199993
570926
50434
348350
966890
887506
901287
573552
987872
803348
378496
274909
418378
57605
717612
630742
549206
609115
394892
416341
705210
776880
736009
160117
170927
248065
64523
294198
467249
55344
168258
209019
397121
864643
313505
687692
122275
941411
769758
301908
587039
660509
652724
712035
780548
625124
761826
928749
186081
456524
997865
409225
355850
454865
418641
114995
95001
607183
518436
375498
479978
302663
276465
586195
420638
656992
556171
28277
835290
962339
339208
334011
877893
574
342915
782933
589516
227779
829018
46999
573153
309670
951792
417976
19320
131138
944811
992340
922762
357204
47864
247851
617362
242686
453059
930336
694546
87686
548351
684731
76303
749076
536676
774631
668112
248632
20779
702260
941155
306210
520852
601046
803545
493736
404705
459044
335045
466243
590872
340570
614592
334098
344389
376920
258984
919637
452406
497249
271964
860020
172669
22749
219330
20470
889458
292055
38018
426122
210798
637503
236680
315521
617232
417449
664902
348306
457468
567180
604335
106261
454871
497028
534525
392200
408973
50129
958764
72333
305420
426070
93245
15402
973638
66011
943796
218823
939250
216459
602586
605620
517451
963254
830140
147233
559951
13456
184809
747684
840002
209713
466616
777270
587689
202771
901120
142070
547855
893015
256223
777765
282820
34175
436916
679144
833880
405621
656484
804809
598692
957955
183960
550326
75970
621530
188285
514625
128912
313932
183683
613406
362226
195985
706783
477928
571020
344325
721930
339741
598156
774888
254399
385501
415518
75421
501569
601710
523317
163564
36818
544443
958601
39360
847997
976337
171028
761514
534093
600161
925780
385308
12819
946881
204940
542446
804389
548970
422978
662748
539225
628539
189890
804934
718222
554421
39770
125359
49316
101053
891805
349055
426047
865630
673440
710913
482312
228804
130559
99814
141675
149889
279641
537728
877978
960588
243536
701959
220616
989053
950666
269975
167919
797266
967475
495984
558091
441454
120953
163253
344285
734996
225678
51246
151017
534384
575849
528198
312697
732815
657286
527374
106903
764386
341281
194104
679574
237887
142463
723740
660426
880736
270501
939831
310155
489249
462622
604647
506167
123590
962554
281072
115821
755956
956682
570362
647378
269555
902181
868560
583248
608114
435622
662562
23634
480643
407019
824516
139785
118362
195223
351598
457898
513619
931409
9658
555438
685929
127108
869161
472848
274111
337309
650718
304339
303643
305616
802913
274746
255270
95827
836766
519757
21614
360992
43747
311451
157412
45751
110053
675378
959966
939099
376572
412329
515478
242448
704162
347734
837993
459875
464248
157528
195417
839650
655105
770255
855947
380512
725349
341599
693961
458675
359280
977073
93058
601397
416400
113394
798917
135686
69914
717585
716938
700360
284294
890565
438057
461601
458990
792901
701473
945469
935507
277967
142738
111242
498904
872033
454275
533242
299717
625667
675421
241477
442566
762875
247534
85028
868073
750743
780327
53079
868836
650407
357982
336095
349388
790208
327181
221637
982431
334906
112337
50065
941243
758963
611116
586644
790500
953738
674755
97247
695170
369893
787425
164169
853216
313963
604786
45421
693359
432075
364041
803242
526017
970611
611931
238113
832079
379801
87169
587898
128243
145142
666745
258208
994286
510918
823014
456640
152611
439369
882572
67918
357338
352005
861525
510272
855871
565122
331727
54289
397921
704076
441579
602559
689779
62197
29375
878157
974221
138896
993221
29314
928428
20151
233434
359785
593070
331527
113600
508367
808279
832862
6429
909767
488143
946019
485497
483369
635234
985919
773508
570575
567295
549916
468045
165399
895737
389165
790028
258788
261449
45030
43994
451292
269513
422271
568435
515627
508602
65654
156155
256319
638464
656522
444214
69003
307809
122304
298254
366980
714121
609442
129809
297063
932553
807227
625904
158961
792211
302748
637121
917284
841280
254042
289278
355593
85194
504525
56900
257449
817299
187283
736725
585938
735132
123339
124631
235608
534606
996699
629395
881042
568181
741419
778550
401753
628415
328103
628435
395917
140226
623425
783135
630799
777331
583596
51443
647623
262000
630946
745806
295200
421239
897759
594128
913415
561133
13795
543937
372144
774104
183092
277704
50898
527588
287834
337524
714534
644130
757538
141750
252523
620868
87772
69604
129252
766243
447708
23800
505368
573754
761917
245712
160594
945960
896473
739820
800479
273969
282706
307058
910419
810110
444748
962029
629252
260632
779824
733770
276300
16113
13163
395481
508683
769756
65389
610706
447972
937167
340331
852430
608827
132392
195933
410954
981694
387941
868417
912615
85337
754603
903190
844716
845759
571904
653730
157443
899624
31953
316012
876024
207885
733612
674434
248381
864366
169671
132981
989801
607885
630264
290136
230644
910577
937146
217093
721020
581156
761967
29335
414915
456821
353176
961137
601967
835382
744990
442294
259081
32830
59021
976718
76670
710057
738708
175336
995681
808531
938118
270898
902951
386081
782044
434595
288170
381560
583601
832946
870374
185348
580868
515100
178239
978611
372666
73186
976761
841847
291417
555336
98495
570567
897422
860567
568157
129118
405928
611740
12485
750203
174298
539431
318862
737951
216253
253260
201904
650642
70988
327590
887625
744031
179238
865167
54107
954195
515792
550633
446924
362498
638512
301400
70821
749186
248211
564230
470228
214958
677352
384862
12074
727460
672002
50001
257309
989767
934938
854740
101574
655998
318603
675807
336164
483572
200980
440816
166680
414486
601882
883014
893991
327127
6499
392615
909308
335791
859676
862619
917027
572056
218516
590574
918734
149328
272190
313777
945172
355098
954547
38394
938669
350205
260142
452640
117495
968451
13455
232383
916661
888379
141016
574266
279434
360183
855475
526772
365570
83151
723817
417942
253706
208540
422316
953805
445747
828478
608783
376648
853107
902039
986121
203774
68324
736973
73078
698406
471299
584908
387669
892093
653618
857666
436171
48388
226614
297121
81950
92287
947449
951009
879867
779704
745482
212475
503409
763065
259224
75630
231796
589845
498939
360510
369819
150240
442027
637808
174754
340723
590023
897424
789288
668457
487311
949547
30130
874852
180586
729621
695142
688649
984545
950309
996113
802751
639202
301044
821986
968756
588798
27169
557
482905
95147
540431
9385
986401
996867
831013
775410
34565
905987
292238
796679
730115
156556
96631
611213
961307
863014
685780
107978
835345
632120
655515
402731
971053
941906
111431
109055
84798
35043
768406
272442
83346
675907
880779
277747
93504
69610
945453
808742
449375
418999
624774
711667
550988
640042
409765
853276
426343
395242
822813
329675
131862
703424
204675
542602
45122
289690
102644
950217
385301
409545
79245
841244
244418
162755
449649
595002
31037
855522
435654
161279
141822
852323
281272
145386
234178
676584
79733
346336
403018
691575
619696
933032
290331
513592
430430
713133
992508
492987
395515
592895
158779
829231
692422
613457
219048
73516
751553
334077
503960
15146
770610
606844
396004
558344
568037
14318
319143
84998
217384
797016
169860
488075
249997
992801
652061
265121
278187
582612
184477
28019
289117
139041
130159
40150
322306
800987
602308
395197
112763
624124
715282
936387
81136
224605
252240
325861
904076
380478
199930
796741
788092
828100
474579
149865
192692
856374
961950
691257
289642
190271
395940
770757
256857
352495
813425
901052
377919
408634
421719
162038
423136
579895
369962
828908
836225
788386
638146
380090
304685
127579
641468
856036
160883
80676
562937
413006
363174
791143
786717
478082
926556
978990
580049
324526
888751
527849
449858
899811
671936
906476
14112
779160
299887
912430
252896
564261
490403
119180
208698
862408
738056
543043
746795
485347
526540
243065
891701
126267
305954
533749
387674
