1183
653282
371284
240617
893302
351839
396231
753245
142734
485937
867045
64113
132017
271951
750487
74990
292333
95092
504431
280481
976628
223647
859936
930330
286106
898961
655233
571438
661658
551058
221325
682613
604626
987629
856230
627596
748738
565615
650253
286484
405905
787244
436652
255730
565320
919162
224396
952141
403284
741172
235999
133267
885832
481848
267512
248500
623897
683242
137230
112101
886817
809583
747517
988895
933917
297394
235396
292893
442799
284066
59911
694626
149596
327090
723407
70704
659342
285336
978950
218578
595347
453070
322812
213203
205725
913684
412260
372613
538432
408364
231063
287675
811192
326109
729424
485583
357792
147057
199854
710493
695931
294327
266294
998021
368047
729921
27534
948589
841989
766695
813507
311101
762795
431554
543108
212450
940530
106418
956901
123147
402064
335065
873245
657647
597279
231454
119111
245765
406876
890090
520613
758026
537960
110894
666777
911615
426379
540251
761898
794216
944812
261417
701765
939087
556186
313873
209849
161343
981767
985427
648057
462089
605512
451504
145758
185153
421974
510960
850275
229826
724495
123742
663336
716774
271286
295496
193391
648399
93422
898880
452130
723426
588355
391197
86603
22918
320674
366330
359450
559402
42716
39669
279523
308220
971943
309362
985053
105970
124061
779094
842211
769029
66683
234252
108087
755376
569187
555267
534459
988854
152411
284782
638262
706586
55051
214083
556373
46564
772290
611453
788519
404195
80434
678170
143136
914469
633904
122205
956759
834113
204149
86733
803208
16398
76767
753332
353298
282217
508657
775649
974586
920563
663119
678887
427815
892304
30979
708252
488420
28713
481659
864730
791649
453418
808200
713601
98225
552197
221920
958131
804685
445422
759197
15575
652560
368733
801724
423703
813498
498704
762975
922017
783982
416646
732491
752810
426355
185412
507563
124454
245686
355027
906635
214226
423622
544768
277406
38570
760343
830811
28409
288883
803456
804793
482517
841906
549373
786419
852113
518899
278062
653348
150957
265092
989078
530223
322000
905591
643100
734518
687299
215395
496461
495076
650548
602531
429912
563044
139764
658454
697873
279848
782202
149789
147759
213475
729246
114657
445710
342543
758558
650570
34414
656552
669596
93960
892850
652526
280413
423502
458209
26343
78028
231827
21800
674587
171317
183247
898071
87767
413899
724036
751775
992362
775715
819954
919579
892843
516406
950241
49860
739249
455331
157787
900730
691353
6634
261295
263554
385796
634739
963760
171843
336662
849413
668276
780936
363128
490319
931734
122689
134807
911394
822580
490434
948707
606708
851057
604546
271313
875423
122996
248349
566041
407520
684967
262739
442681
999193
216057
887751
346672
491920
70876
98625
475907
833070
550088
104044
270076
163776
936054
834840
668966
425465
330342
820345
274706
633134
391130
477286
86613
48728
458392
749467
557832
483862
862124
487800
868167
658729
745380
533696
621042
588022
529170
280538
10799
325767
597198
401236
799462
954890
720753
427419
189763
833232
961691
18948
176183
292880
282861
23430
898232
166050
21712
21629
496765
538692
9964
412457
460099
592984
138354
147885
923850
29988
174099
388689
202649
482833
60358
937152
49910
772396
857478
598730
793070
895144
223953
959971
328083
71002
256171
66786
312825
437052
347481
707588
634168
182570
533094
436838
819565
10024
473058
436942
500857
746522
630109
432291
68993
859275
208688
929264
552556
834343
63413
708902
847336
488320
155210
211799
743525
761868
411923
285627
922648
442342
791925
693870
301305
913353
203035
73776
504454
259416
231220
216292
808830
717465
958066
984146
903911
577589
809293
482277
180616
467513
524927
456237
739376
598616
33414
357214
675501
301415
930917
729168
76181
875168
889570
721533
716737
857952
457161
14342
599437
901736
941800
708974
417241
96928
458706
828061
565067
483791
774812
231774
14411
824420
893667
40993
903174
103153
802307
480954
493611
676650
73889
915809
365681
414442
414755
816
953551
579759
616178
545960
145986
934041
926655
21356
750091
508271
225659
667908
957294
925786
421533
216923
668916
71975
581409
321346
401834
278793
739843
747755
225376
889045
185480
894766
688747
171525
742069
174471
230307
754870
51925
359702
228837
884138
649144
310942
344082
945734
108783
672775
261967
7764
727569
429789
867971
846275
563513
755726
669340
744418
691461
885871
658507
892841
428121
53368
313923
632624
195034
387203
845501
41013
892403
935633
438583
199899
947539
749637
365040
807205
427181
288359
933038
237567
751031
393186
66681
830646
411691
9671
994205
35067
650
834568
627884
755044
113684
797310
946169
650923
49936
412835
792286
437997
218507
739416
85367
216492
867153
753120
415205
795981
481525
232931
246284
883163
662735
517228
570773
530114
617656
217900
908716
929557
803792
63925
113859
138952
568441
288512
854030
130743
81114
363303
143749
152733
383708
607595
436069
90845
856944
202351
885807
760829
332743
435771
44903
870502
4377
132091
413335
17254
851423
336893
410442
286638
153433
287798
598737
562388
940425
576190
193281
507154
146805
721487
667570
603077
243433
583818
899138
190895
769586
447475
313552
728758
379812
906096
121025
918434
270485
938829
772991
571683
313760
501371
966133
208840
120420
267212
157268
270601
621442
404152
974290
684478
828707
890268
113125
770534
958511
861110
159564
898977
861398
533290
929799
32118
134475
991296
445018
825742
711812
976676
617293
651255
801788
667812
929839
907490
146545
392310
238991
6822
759527
821615
902017
839610
694050
545165
698975
913087
318832
224942
756805
775668
177693
420694
529428
148799
221180
958765
874544
212971
822885
946687
641218
117540
614578
229114
411831
34237
688001
489652
824255
950762
422773
23266
761359
811335
968053
380066
596511
655696
776171
802802
761196
818022
942021
412662
245495
251280
700792
254198
154501
620727
821688
146270
586909
362857
614786
592637
57101
898711
961107
76486
588069
911192
115693
349266
999099
100260
767129
845019
184165
449049
796704
703874
195842
812025
265232
84747
680241
268265
164990
595868
626200
444148
268286
985538
149342
765126
777772
442219
783282
505138
971239
77677
703426
358765
906384
252477
851013
836113
931152
342969
567793
372890
930511
797471
229317
689196
112702
867091
999489
339467
92750
72926
743593
256609
347894
794665
812486
233084
191601
217990
169829
745037
643773
108775
779797
229419
459229
814885
472877
646670
511000
807611
707780
972244
611001
676360
335607
784703
820685
400784
965351
168181
755944
18364
655289
227774
620576
274709
496724
177418
573455
247309
650726
364457
434902
639862
379423
542929
391509
456585
907828
952603
281012
449185
226333
134214
289949
369789
392343
804595
645503
890497
100132
185063
277068
779510
40710
316364
337084
432133
653256
506864
367880
810368
289077
254916
110128
384794
788062
624479
658550
484969
119000
738169
66657
234155
18300
338288
499067
892542
164454
51270
374291
137255
616822
835233
120635
881996
499282
241226
635466
762
300770
50158
484700
492768
551634
420640
416589
71825
277012
39061
812098
127494
600348
260199
707809
725338
222306
246163
981075
433740
562339
423482
263369
603905
714015
192868
540212
996927
550556
768376
446667
245235
115875
523397
528393
574699
501502
462205
697773
382045
746688
951988
549304
466143
831421
343077
255346
954733
249549
951981
653030
975398
576333
772751
358049
447950
543071
543150
451191
67982
503013
616662
843198
383024
309961
497140
798033
27043
830840
449369
799118
818301
144674
186427
196441
179188
240637
276404
225431
841636
271423
986368
839539
546764
534951
256003
947420
583121
622388
800385
557957
733497
392556
228389
465059
260657
108758
945659
316147
711944
602753
917174
129650
94449
338619
874922
741667
123205
565722
302610
992653
319743
408183
927116
232250
31550
785006
273944
44025
326791
361504
602333
808668
100992
462129
31460
224891
931766
625354
181338
123631
956760
251223
902610
694680
164154
341642
648002
478488
976467
75222
260481
105942
275583
765686
661327
24699
40893
622244
950733
936952
949170
442658
88704
649534
452324
554996
857427
631621
115776
249315
211218
50374
943381
130300
588144
612288
224919
21391
314433
653239
755421
924913
359680
616176
708386
820666
