7690 4384
969 3466
3007 1298
2477 6863
7009 6083
7482 5485
762 777
3282 4529
6133 7443
1978 5973
2025 1712
6980 2421
653 7095
4007 3376
2831 3124
4603 6112
3869 5571
4569 1867
1861 7045
1039 3861
5438 3513
1655 1191
4289 7619
5719 5413
2363 2688
3696 4387
7081 5667
1800 44
5071 5806
6101 2893
1239 3013
3996 100
3576 875
1966 5436
229 5687
1606 658
1509 5942
1848 789
5870 2558
6201 542
237 4888
7611 7318
2864 1720
2353 2927
7525 763
5819 3755
3776 2125
3854 7351
2999 812
88 5909
6498 1693
6567 2998
2626 724
3786 806
5964 2296
4029 6200
7184 3949
5827 5039
5668 489
275 5502
1252 1086
4249 19
3210 412
7369 1200
1223 7456
7108 2712
4140 5984
5709 1757
1700 1804
2562 2655
4100 1583
1164 6275
523 1983
6305 6191
5153 6580
6684 6404
7665 3242
1414 5866
6336 1092
7065 7558
3539 6482
5262 2670
7458 3280
4427 1467
5084 1980
4121 4175
3562 276
5441 4085
2258 4055
5267 7411
2944 6942
1116 5600
2494 2530
3775 3821
6303 5831
3688 2152
4623 3941
7503 7072
7221 4239
848 7296
6219 7650
3780 4772
2917 4212
1166 167
576 1424
2569 6202
676 3684
6793 5851
1205 2878
1981 7508
3700 660
4651 3314
4601 7145
2695 4131
3694 6224
3736 4904
1175 2507
1985 4092
6718 5833
4258 2285
2248 1818
796 2923
5501 7589
1083 1698
5458 3063
4197 1467
3723 3839
4781 633
3293 2467
7445 1978
1001 6172
6881 2175
988 3858
1258 2697
4682 507
4981 6929
2324 769
4844 2817
667 5926
7196 1116
3981 3702
5264 2695
7540 5036
6009 5824
7503 5763
112 3495
6926 1984
661 2905
833 1919
5601 506
5107 5573
7435 7431
6341 7270
5239 1999
497 4744
5796 4477
755 3370
7171 3286
715 481
4101 3209
1235 4212
6703 470
1188 7364
3374 4702
4274 3966
5208 1690
1849 7634
4112 3181
7213 1660
172 19
6403 5967
7178 2149
4328 1650
426 35
2131 4527
3243 3365
3730 4938
6517 7599
4611 2200
4611 3876
1158 4810
5565 3006
4753 1987
1178 6957
6328 4031
1967 33
4990 1454
4863 1627
5786 5289
4343 226
4807 7586
6272 846
7515 5098
755 7117
2290 357
3302 3447
5166 1176
1444 2228
5844 5303
4176 4482
1644 6142
4514 1625
7596 1686
3251 5691
1966 2586
908 6772
2481 2171
7618 4987
2261 3364
4413 4550
3720 24
2988 3877
1199 7113
6104 2035
4725 2589
6516 1360
1040 6021
2984 3627
2698 1227
4309 4664
3812 5216
6427 1284
7387 1346
6270 1957
7391 2992
1498 3420
3015 4485
7296 6895
3907 701
1239 3623
5971 2746
4983 2003
3758 276
621 6456
1502 4930
6111 5313
5137 7529
6596 7515
1185 167
4463 885
3158 5960
6987 1164
5436 1584
369 4334
4967 4289
267 3247
7035 241
241 5784
3198 862
4549 4700
5791 5651
5004 3237
5490 6592
5744 1666
6758 2516
2550 4908
786 4528
6071 1213
6112 6439
5547 3388
5720 805
1626 56
3727 1867
5839 6924
5410 5380
3933 3510
3340 3929
1738 3821
5512 7481
5486 4579
4989 3028
4478 5774
7555 2859
1978 5976
4289 7524
4355 2318
3320 5981
2373 7046
2839 3204
6280 558
893 5204
6749 6914
1442 3478
3045 1945
5951 3522
6524 3249
6549 3311
4014 6414
1161 5991
7381 5450
817 6728
2759 4136
5018 124
6174 2848
3327 4763
6087 6901
4958 5145
6124 1392
3614 4160
3336 1874
7682 4851
5122 1532
472 4127
2937 4314
2428 5310
2073 3244
4347 4832
2371 1674
4955 854
7203 3273
608 5599
2483 5566
5735 3598
6957 1658
68 2602
3532 2741
7453 3645
6954 2916
82 2201
7229 5191
7510 4294
744 4166
4117 5796
831 4063
6650 3025
7335 7257
933 4809
124 6667
716 7080
3316 3465
4674 6847
1197 7118
5484 461
5025 557
5343 7245
5747 154
3848 1482
7001 274
7277 2823
4336 1228
5847 6662
795 1771
3780 3600
3429 4496
5672 6744
2952 2655
5901 4149
4764 6376
7291 2098
6932 7625
1652 4988
2770 492
6469 2080
3447 1047
7584 93
2275 732
6754 5751
2502 5526
1660 922
2331 7331
7665 274
4977 867
4422 4732
7242 6704
6829 6483
6638 3473
6462 4399
6646 232
1470 2402
1279 1363
5176 3553
4776 4240
1613 7277
2075 3272
508 7087
5595 3165
7360 2881
4031 6774
7613 6265
779 1743
49 2409
207 6511
6807 6852
6742 587
4246 330
4631 1731
6564 1717
962 486
3985 3036
6440 4493
5114 4344
2649 7466
2216 6679
1541 4820
5253 2319
1555 5302
4727 1761
6804 3844
3605 5855
7112 160
1177 4052
4572 50
5768 5534
3218 2063
3561 4649
1547 985
1302 4195
3442 6199
5865 4982
6011 6110
7300 7565
6403 4337
4317 5516
3172 2913
6362 2593
5754 7538
6644 2636
2580 7404
479 789
1776 4039
5437 6004
15 1730
2508 3456
2920 3364
747 1240
1783 3039
3796 495
7375 3105
6010 5538
6017 7364
440 6763
2203 7083
1708 7464
1788 4868
562 3563
3898 5998
4558 3913
2719 2057
2360 5639
5421 5789
6878 7203
1137 5666
2690 3503
1080 3691
1350 2088
3364 1789
1160 5567
3863 5549
332 5651
5408 894
4205 1616
1883 1073
520 4602
3129 2879
2550 3541
977 4419
5736 4795
2394 735
607 6155
7107 1956
553 5463
3744 4394
6021 7607
2253 6352
559 2652
7245 4763
4267 1438
827 7468
1031 6638
5339 3580
5170 6315
2990 3215
6102 5384
6631 6708
3848 6048
974 7082
6502 4717
3786 4832
7315 1030
3493 2865
3681 5730
7628 2940
2159 3446
5399 3189
5075 3047
1760 2555
4354 4749
761 2765
2442 7392
1782 1282
741 2755
673 7242
2464 7140
4383 2088
479 2867
4953 6842
906 7572
4773 3064
6009 2481
6252 3394
5528 3003
940 2191
62 1700
4955 2503
4083 6736
6466 4823
4483 7139
7056 6946
1580 6430
4025 2059
1607 1287
1210 5194
3850 974
3250 2169
3454 4493
554 1291
7496 4175
3481 7557
5874 3427
5051 2267
2473 3827
2081 6955
5957 1447
1202 7536
2868 5226
4586 7156
6513 787
4660 5354
1760 2901
2514 5214
7393 3067
6504 7198
7241 4977
2056 417
713 7107
5365 5867
5925 7445
5131 4191
3883 6332
4036 1743
3868 3614
1208 5372
4400 859
5717 6160
3759 541
3683 6144
6289 5178
5651 832
2464 2699
1248 3177
2115 6612
1353 349
1358 1476
7221 233
2799 6248
1975 1658
2171 3182
2021 6571
6723 48
5040 5473
588 3714
3926 6876
1201 4569
17 6347
7267 3946
1833 1691
5549 5867
4721 1899
2334 4251
2131 5133
2808 4105
6790 4979
2278 1121
6541 3992
1168 3890
1775 4437
2595 5700
6304 3795
2578 1313
2451 2154
5258 6965
6526 5799
134 3556
7 2467
2798 4819
7599 598
3915 1691
5576 1184
5493 7108
5176 1652
3307 6950
1080 893
7641 7383
4687 2529
1005 2130
7364 1255
4086 6200
2045 4219
4747 2051
6686 2537
1861 1586
3134 5775
5958 3701
6958 3760
3118 4443
403 1416
6384 1482
2308 6335
1175 1986
3855 4861
6797 3528
1107 3193
4719 3151
7411 4458
193 1398
1986 2053
2984 5119
137 3933
3811 2087
2685 1920
6529 3087
3335 215
7251 634
6549 3417
2619 5395
587 4408
3914 4376
7600 3625
7526 2312
392 29
3710 5059
4763 1685
2487 4900
5617 1289
6986 3293
3208 816
6380 6542
1030 932
2167 2570
4348 7467
2956 7616
4184 6870
4301 4093
2804 6819
1397 5877
1839 5106
3245 6601
1782 723
3810 2390
2011 5787
5683 5218
1595 7054
6751 5306
295 1227
186 7324
3685 5823
7249 179
5002 6542
6953 115
5670 659
5991 7508
756 1545
6418 5219
2267 5220
7609 6959
5998 593
4486 7592
7646 6228
5208 2932
2446 385
2565 6131
6207 2123
1301 6201
974 563
6315 1635
3904 7298
4134 7341
3834 2862
4870 1093
3073 7470
361 4062
372 7529
3964 327
1058 4163
3258 3504
7229 814
4626 737
2936 5926
1929 6592
1480 554
3218 375
2843 7352
26 1668
5205 7577
2760 587
7356 5803
4648 37
5641 3603
3045 6698
2757 1294
5193 4977
2107 2128
5714 5042
3045 2634
6625 4525
3187 2153
4899 1021
4496 7606
2689 2010
7492 440
2596 7157
6242 2235
2185 4192
5838 5229
5882 3586
6522 3384
873 938
504 1578
972 3548
4211 2588
3064 2390
4740 273
3410 1545
2870 1090
6236 2672
1530 1141
4820 81
6058 7005
6955 4205
7225 138
2782 6057
3521 3654
1986 6706
5231 2957
2564 4434
5545 619
6823 5276
3573 5224
1813 6443
6314 358
4106 2835
4181 1235
2915 2548
3231 4861
1744 2766
4998 4525
1132 3511
489 3117
2526 711
1066 81
5144 6610
700 4276
6877 4272
4492 999
5706 3115
4039 2121
5949 529
3356 3855
3076 6586
3708 7501
1661 1015
4335 5474
4525 4823
3583 2043
526 4648
4805 5669
6249 5504
4937 5435
4768 1738
1426 2783
7534 5464
7586 784
984 3251
4638 6741
4828 3337
6551 1481
4352 3195
6954 3868
3010 5528
902 3535
2485 5707
1513 1043
6202 1441
1470 3279
3178 5577
1054 3021
6032 949
6486 7015
6881 6116
6065 6700
1762 7607
490 1105
3111 2436
4973 1112
273 5874
4646 5440
6572 1151
1474 5084
2591 5625
3354 761
3511 7089
6463 1852
347 5259
1176 2219
3684 2232
1229 437
4830 4400
1542 251
6835 6514
1362 2100
7379 1000
7539 1253
2150 1322
6336 7422
1939 4681
3174 5449
4080 1947
7301 7108
2197 3468
1637 872
692 5547
1308 5521
2256 2849
763 4083
4354 2125
6182 4043
5806 1022
287 265
5025 6622
2678 6963
3612 5852
4722 2683
108 4332
2101 4986
2791 6419
5857 3482
4275 7164
3995 6530
2323 4757
2922 6676
1873 4095
5710 7678
5116 5996
2934 2451
7609 5612
1723 6213
3773 6444
1205 6562
5767 3305
6539 3550
2033 4705
2023 6307
4178 6017
139 1492
3084 5742
3160 4956
2147 3861
4944 2254
4849 2869
4704 4767
790 1419
3289 7244
2854 7176
6115 3613
2790 4963
7162 7505
4659 1494
1113 3829
2503 1251
5320 578
1985 3471
5533 6813
7332 5468
1376 4490
647 1072
4248 4118
2490 2529
3672 5343
2014 4778
3947 4803
2051 3418
7299 1701
7594 722
5529 5088
4654 5841
5665 6638
1621 6189
752 1262
3967 2128
743 7295
3199 4991
3722 680
7519 7393
1014 4524
4481 4961
4318 1523
3370 3927
3223 5955
4648 3744
6034 4293
1894 4008
5923 3514
2507 6674
7458 1465
1111 510
1069 6991
492 7472
2662 3002
7175 3676
7525 6647
3628 4153
3161 1989
389 1375
254 28
5118 1279
4320 7011
5287 2552
5517 2785
4218 5284
4249 5328
785 309
7311 1277
90 2282
6960 2256
949 1787
1212 4576
5939 7054
1557 1319
739 4492
4028 5856
5770 3339
169 3366
883 5685
6150 5100
3278 5390
2737 6744
5698 5039
3012 5788
2313 2282
3035 3261
4068 6929
2829 4998
6292 4385
6316 7030
1186 5335
188 6955
983 356
5313 1865
6040 6454
6964 4309
4154 4693
6044 2161
4723 1366
2940 7035
3647 5975
5288 2706
5213 426
2695 6496
7492 4002
5836 3669
1646 6023
5615 2628
1370 5919
7175 2401
4683 1440
6709 3828
1124 5062
5988 5847
1419 3920
5191 57
4886 5470
2762 5090
5895 448
3895 688
4449 4722
4356 6094
3054 4963
3714 7105
3191 3198
1815 183
7319 3515
4010 753
3569 4990
6599 4987
3901 6781
5044 3778
4561 2797
1177 5447
3245 63
1127 3
4785 474
1089 2830
5436 4802
2245 3619
2991 4059
3801 2619
7574 2803
3371 3452
2784 4961
748 1676
6734 783
5453 6286
6262 1621
6724 1816
1683 160
4500 6467
3316 5588
4289 1061
2699 6533
4679 5689
2901 3472
618 5466
1266 6670
1227 6731
6623 4657
3398 5666
5439 1160
4261 4010
2780 5976
817 7144
6136 5317
913 4443
5896 5201
5503 905
4043 5174
1585 1935
3637 4884
7401 7584
3864 937
1616 2796
585 5013
3453 1016
6172 2705
17 3943
990 834
6078 2117
1142 6990
6559 7037
4500 7054
2933 3534
4537 4518
5469 3165
1711 5179
5740 566
1107 7355
6043 4374
4677 1805
5389 5840
4509 5405
4774 5499
1230 3161
7615 2371
2461 1476
4400 1952
839 7332
5486 367
6841 5946
3531 862
6116 4262
4109 2214
3926 2462
6587 3594
4266 4285
1743 3767
4682 6516
1575 5911
4668 4181
3274 7128
5656 7673
4072 1486
7314 4549
1852 1457
2804 374
5000 3911
4635 1418
6124 870
3879 13
4463 3137
4297 1197
6903 3970
22 3469
2191 4690
2641 5464
6809 3289
5446 5872
4774 61
2730 6626
4199 525
1991 1508
4435 6626
2926 5551
7495 1796
5563 6950
4932 4851
456 6826
1131 3160
2604 6003
2841 5245
3776 4641
843 4213
2823 608
6955 544
2225 3464
1069 4216
4971 495
3151 2888
1037 5637
4684 1591
4896 1925
1434 344
3743 5246
6185 6346
3558 4017
6582 2325
967 2416
1529 6471
3024 3475
7015 5248
1930 3075
4455 1893
6251 7605
4780 2280
544 4455
3870 431
1372 295
774 5114
5540 1950
3769 4089
5966 2661
6413 1925
68 2933
705 3091
1400 2711
3331 3329
5785 95
5221 7028
2692 4993
1617 3235
1757 478
6347 3128
773 2113
551 1304
4062 7002
5393 2338
4654 6797
4262 4721
2040 7648
122 3439
2669 6134
1759 3445
1220 6980
2782 3911
4282 7080
2137 1030
7558 794
4158 3322
2906 7390
4625 1959
6701 2327
6978 3664
1434 3549
695 6155
6189 3498
4585 1167
1941 6343
4611 3160
624 2385
7071 7587
1774 4199
927 1641
7674 5084
7644 5571
7465 4579
7530 6476
6905 6817
2449 3330
5358 5825
4476 3856
1632 1370
5022 3572
2705 4624
6732 3328
7008 1104
5907 1092
294 6833
5414 278
6908 5368
5848 6682
2256 5687
5467 4152
4814 2908
2474 5163
1042 6949
1328 2674
629 6349
1237 6015
5964 278
1652 5282
4063 2550
1365 7039
1692 6778
7316 3591
7137 465
2583 1702
6152 3041
846 5957
940 3319
3429 1982
5259 7438
7337 5887
1088 883
6893 7051
3843 3537
4642 2897
6086 6006
2245 88
86 4552
3678 7222
5017 1252
3916 6160
6975 7443
7108 224
3071 5528
4887 639
5275 7215
1518 6362
408 720
5722 6932
6938 5356
4820 5334
6353 7065
413 6438
3926 6772
962 3934
334 4877
2403 2300
4629 1820
2523 2691
7347 2402
6011 4931
1926 2520
6284 5015
5922 4316
4256 5169
4663 4068
2812 3325
6124 3224
4755 5041
2306 5716
1285 5321
5584 3687
7620 5204
499 5134
2886 155
7535 3888
78 1771
6408 6361
6785 4639
5668 6033
4799 2640
2410 7611
957 843
5826 5711
5883 3123
6418 7167
3435 4311
5846 3364
4506 1336
3490 2383
4172 3334
6270 4249
96 4987
5602 6881
4617 6261
215 1726
1211 5306
4328 2167
6148 5145
2869 7022
578 1596
1491 4012
898 2328
2368 395
3663 5857
2777 144
4182 1356
7075 4278
1335 4986
6150 943
3556 6364
2668 7448
3979 1987
4606 5118
7132 7474
7131 2701
4061 931
1704 7640
3258 4071
3026 6920
4919 5802
2056 1411
2150 1440
5688 6166
6425 6829
7108 4972
5502 2086
7412 4472
6754 4327
4581 1187
6793 4021
3887 5845
4952 5591
5795 3201
1971 3812
5113 1882
1924 7168
3292 6755
3599 3971
5230 5015
3109 4647
2296 3602
1724 2017
3065 788
1336 7645
1974 438
6657 853
6282 3918
6443 7068
2111 3405
3190 2215
5286 105
1692 3569
1851 282
7539 7080
5296 5639
6718 7591
1550 752
4600 7296
4221 5935
2242 1186
1364 1209
2038 2637
118 3472
4697 2228
6877 2878
4442 7154
2982 1125
3033 7514
1406 5563
1895 1693
3512 922
4276 53
4355 1185
2341 885
2111 4582
4753 6156
5790 6790
1102 5908
2572 790
3127 4440
3667 2561
6585 1640
6367 1927
1463 2765
2482 3357
4457 985
4279 1042
1037 3625
4908 6059
7192 2010
2951 4254
3157 1050
6035 6941
1949 3598
40 68
347 3707
2628 1924
5346 3986
3850 1801
6750 1323
5157 6199
2307 4427
2232 6026
362 2132
4394 7553
4141 7344
6798 7298
3386 5142
6548 326
1050 1579
393 4078
5285 5702
6001 5623
1998 4843
7423 3739
6165 4889
2247 3464
4308 7161
1799 7351
1602 1184
2205 5742
3520 1312
341 6905
1445 1880
2222 2494
3459 5297
1564 3735
3308 2556
1667 297
7398 1399
6718 865
1280 3956
7010 5587
3426 3800
5247 5027
4983 2443
5761 812
3754 6101
2708 5198
2973 7612
2684 1423
5218 6929
5157 3517
1794 1816
3814 4184
3214 5523
40 7175
1788 7049
5071 5214
5840 5309
2550 3132
61 3302
6626 6496
4395 4325
6686 7367
4246 1679
3781 4455
3599 1247
282 5392
5744 6777
4567 1268
4609 4606
752 6396
6646 815
6601 7477
1115 4143
2919 3858
7444 4536
2663 4148
3852 1658
6506 3090
6018 2596
7544 1926
6525 2817
2310 4578
1903 6876
5845 1503
6474 1589
209 421
5085 1801
208 1191
5943 5808
5048 689
5335 2703
4836 1496
4360 6334
7267 5370
1239 7121
7295 73
4929 4596
4651 6832
6464 5487
644 239
2067 3534
3341 7151
327 3548
3334 1261
4347 691
1949 1991
3393 1777
6169 2745
420 737
424 1658
2849 2710
1731 88
2298 1373
6919 1071
6859 2554
3991 1236
1080 7331
3378 1406
3189 6711
2666 2527
7402 7297
7200 5786
1383 670
3522 1802
1406 6627
6141 4255
1647 2863
4342 6626
4235 6252
2688 3404
3797 6678
7321 7558
6318 3008
1273 4498
2029 6621
7025 4422
1219 1526
2517 2601
2195 1031
7084 3600
7657 526
2846 4295
3389 2179
3230 7623
740 5917
6018 7219
4904 5648
7086 3532
966 3351
3021 5676
4963 2355
2407 6181
3880 7605
3773 1066
945 3166
4666 912
3691 2503
5206 2071
4682 3428
2004 413
1654 3013
7631 1550
971 7027
73 4618
5369 3093
2603 2641
5448 5009
1131 4319
7605 4903
5385 860
3060 5042
4453 1742
7544 4650
3813 7217
387 808
7630 2041
3820 2562
6272 7472
4580 6344
4399 2258
1746 1993
4898 7193
7001 1020
6504 6916
5922 4198
2767 3973
4231 7219
5715 4084
6860 4519
3611 7247
318 6232
4279 6819
1103 2860
6601 5683
1513 5991
250 3258
294 140
5443 2286
1159 4256
4193 2073
3445 1951
6045 7675
1479 6751
6750 3331
6261 5352
2887 6578
3893 7165
5707 4996
2334 7299
5670 6528
591 5919
2095 884
1050 7537
5852 2209
4102 2354
6963 2538
4305 5317
2522 775
7060 1582
4105 5630
6933 1983
7200 3136
1457 5216
3123 6472
7506 1102
5309 406
2012 7404
1290 3062
2242 2133
262 1336
4486 7224
3873 3782
7532 6395
7239 6901
2968 6335
7523 2210
628 7032
337 2084
7239 3459
3548 7054
7242 1166
7459 4246
3561 3740
2299 5803
5872 2560
2130 5350
4775 6002
1441 4616
7388 3671
6509 2665
2316 6341
4875 2943
5682 203
5026 5230
3662 3565
7275 5895
4731 7043
2450 601
3093 4748
1395 3956
2299 3524
1615 7073
1836 5738
6681 4215
1718 491
6880 4033
6831 6746
6975 7504
6948 6993
35 5601
2867 7309
3806 2589
1653 1247
3190 7427
987 7266
3693 5967
3100 299
342 7617
6036 2014
4141 2746
2504 6012
6778 1644
5067 1055
4139 7007
3039 6855
4917 5905
6473 3714
3486 3117
7643 1667
2854 3621
1242 1538
1897 7023
1836 4920
1941 2864
6933 6082
5609 1746
7085 7378
3389 7144
3424 2519
6460 6462
1683 6368
7359 3147
2392 3154
6264 5026
4820 4109
956 1053
638 5534
386 5155
2764 2326
328 2006
3399 928
6434 2794
3298 4814
2247 6721
7333 3698
5493 4007
2375 5161
7154 7448
3306 719
4783 435
4827 730
4169 5464
1256 4554
2928 6701
1872 5938
3698 5270
1857 2441
3055 5154
7255 293
4185 1889
3990 1987
5895 6365
2139 5358
6122 5444
1068 5897
870 5894
6626 5038
6349 2873
4584 4269
1883 6455
5198 5581
6716 7054
331 2081
4518 2577
2373 3694
4465 6363
672 2670
5037 2810
3019 6150
3245 4087
4356 4114
4972 3292
4143 3631
6164 1036
2891 357
7490 3080
929 6516
2443 1259
906 1952
6518 5960
5645 3292
4632 1308
953 4660
4117 3972
3120 2353
368 7475
1458 331
5758 5601
3961 6914
6636 1843
2262 6436
4922 3190
253 2357
7130 3840
4308 5957
2109 4945
4241 1733
6252 5193
6392 5361
1474 4503
2705 4523
6970 4163
4854 5037
2073 3806
6942 1018
641 1513
2445 554
4702 2697
2910 6824
6536 2210
82 3637
7154 4322
5369 707
1825 6752
1059 5980
3565 3764
5495 2844
236 2658
2872 2308
1455 2124
6007 2095
3636 762
2649 3330
6140 5558
5145 7668
2759 5226
3614 2222
1858 1292
5611 6364
353 6669
4653 6599
5424 2457
4434 5659
106 7306
2958 1561
4421 1275
6337 3048
4718 3977
6377 5849
4527 3831
5826 7285
4049 1749
4499 5906
5722 2419
4579 1067
4079 4223
2657 1813
1672 7091
7471 4459
1698 5421
1011 6118
6695 7348
4157 6404
3634 2844
4562 3152
1666 5380
2747 706
2120 7245
6611 152
1973 6181
3900 6051
5396 6556
2855 7067
5956 2636
6517 2645
366 7528
3754 2052
7185 221
3447 5810
5746 3000
1272 2403
689 6700
3109 2809
6254 4711
2960 3218
3202 1851
4260 3589
716 7115
5647 1664
4742 4473
4308 99
4310 3054
4832 6486
3274 588
7288 4011
3587 3551
6413 4276
2560 1831
2076 3805
1534 27
7022 7417
1877 6273
3315 2592
689 1271
6937 5430
735 6237
5528 5045
1600 2669
6522 4873
5938 6119
1193 1835
1979 2597
1102 7220
4428 3177
3334 5961
3203 5347
679 5079
6612 3993
2662 7300
255 1909
5040 989
455 5559
1025 4736
3220 7547
4600 1467
967 5792
3301 5628
3380 7084
5157 2799
2570 3483
3751 764
3821 4429
834 2742
731 3496
2352 985
396 2383
4656 3532
251 5680
577 3470
528 5176
4937 1495
5959 3229
2114 4330
2623 2262
7129 184
5744 3189
948 4557
7618 4463
7298 3340
2950 4641
4325 3345
7023 3972
1868 7274
1961 5126
3053 5171
5293 2981
6665 6243
1202 1088
2883 6506
3349 2321
6689 4085
5509 2628
951 428
7091 3240
3768 2350
191 3084
687 7213
7055 5236
6796 4007
2672 4841
1487 274
2813 3143
1509 6696
6912 4391
5511 5253
6711 7192
4329 7211
4811 5279
7639 6893
3510 6398
4235 3700
1791 4921
5905 3837
5148 2
153 129
4842 4322
3085 2647
2456 4593
1652 1678
1293 7163
6930 2995
1656 3568
2515 6466
3838 5145
5669 7347
3852 2213
6039 634
2125 4253
7152 7272
4254 2297
2393 4088
6618 5477
1726 1383
5061 3377
5742 1345
5531 7663
4339 2178
3540 1845
954 2369
1982 1614
4708 825
3826 5738
1459 942
4982 920
523 1545
3216 5597
624 4825
6065 5031
1200 3435
718 6941
4779 1240
6914 1427
3418 5445
5954 7053
124 245
976 7513
1069 7483
5560 5209
3416 2851
6129 6620
7077 4336
4527 2693
1471 2901
33 5352
6336 3432
4602 6106
7354 3825
2525 5763
4262 788
5125 7067
1032 1092
6889 4782
884 4758
2301 4299
2600 3421
3228 1986
66 2746
7360 4218
5647 7393
1879 6974
3134 1473
5389 2797
289 223
869 4550
1010 985
3926 4723
2076 5806
4497 5641
2873 6797
4931 464
2527 3151
5132 5274
5896 4801
4484 6534
4503 1354
5817 2629
2826 6198
5425 3115
6420 1286
2656 2422
2270 6582
2136 7028
4697 6632
7660 2562
730 4901
5707 3256
3043 3148
3522 3930
259 315
2774 7443
1668 3582
2381 7176
2089 2798
5282 3501
6765 247
5922 4026
1820 3049
3363 1509
1991 6015
6752 2720
5907 4768
968 1259
226 7171
5188 3166
2477 2953
2918 6826
6535 291
6311 3615
3088 3902
7115 4844
4149 338
1179 5968
3387 7224
7476 5377
5548 6537
3088 3764
6297 6737
5022 6522
6217 5201
4679 1003
464 2588
139 1990
2878 1441
596 957
5343 21
792 4483
358 1971
2760 6426
1504 5228
6794 7051
6756 2192
3124 5362
3920 3137
6875 2447
647 3863
6131 3792
1443 1261
773 7002
2702 4051
2951 354
4071 3742
4836 7110
5712 2587
838 2207
2806 7631
4249 1872
2132 7372
7233 6052
5500 1410
3490 1139
264 1930
7612 1706
5873 3377
3700 884
7427 6650
1237 6489
5383 1064
900 6087
6332 1737
603 1448
1678 4852
3319 6491
7215 5543
7534 5025
6952 3333
1155 2208
255 1076
6595 6127
4452 2604
7010 4188
4245 3238
2986 1938
6983 3886
334 5624
614 3618
2063 2291
3461 5381
1092 2986
5916 935
3002 169
6950 4156
2376 2196
223 3963
632 4675
6566 2633
3854 3121
862 6840
50 2836
5717 383
769 6330
6682 5514
3613 2453
3204 7386
430 4111
630 6113
6962 2571
2578 4329
4766 5482
601 389
2466 7167
3021 6320
5279 6564
461 5328
1709 1169
702 5160
2490 7383
2983 6102
2145 1178
5797 5256
5289 1419
3678 4560
6671 1247
1198 3747
6729 1799
6817 1504
3957 2148
2815 1545
3703 5957
6872 5412
2117 7573
2881 4607
7265 5863
5700 4402
7040 6489
4649 7320
2899 637
4189 1879
1883 379
617 921
4859 7434
5107 1125
4573 2913
5351 585
3862 4532
5996 5978
7096 3868
5576 6670
2040 3586
6063 4072
5066 3022
3701 274
6340 2882
4834 532
3260 443
4135 3110
186 4233
6916 7440
2137 4576
3016 5998
4099 4004
6968 3504
181 4853
5165 2221
748 3538
6292 5813
1551 4984
1078 200
175 5912
3413 6116
6354 2539
1535 1531
1763 3442
3962 3900
327 6977
4889 4425
3290 4166
2920 3471
1329 395
683 4758
6614 6974
2881 3156
6949 6640
6037 7124
4861 4441
5549 6206
6980 2076
46 1052
5517 4007
7633 836
5976 4832
252 1575
3989 3172
5045 5317
6248 5727
5067 5171
2 2939
636 6951
1888 1664
1376 1741
6104 6924
256 5393
3991 2984
1437 1818
1982 4061
5335 267
3884 5586
1842 183
3749 1878
491 2306
7605 5557
7476 2598
805 3103
4540 5375
4766 5915
7115 5862
141 7370
3564 4131
2663 7682
940 7327
6735 6274
7593 2928
4170 1744
5792 228
3622 6283
2534 6218
6831 5001
3807 2628
3096 657
312 2853
1563 2418
1024 1703
2097 7270
826 7442
2253 1765
7078 1297
3031 1972
4225 7200
3716 5008
2419 2329
3600 7634
856 5423
7627 4662
3042 3032
310 3353
876 1873
5770 1900
6257 2858
4161 7082
5291 6413
3839 7360
20 6869
1642 6926
6378 349
4243 3788
2677 2835
6414 6214
567 6350
5867 6290
4373 6177
1952 5248
3041 2713
2139 1607
562 6299
999 5853
14 7519
514 33
6697 2155
1950 376
2503 6192
4163 171
4018 2886
6384 7266
4227 4561
5865 909
5729 2808
1149 1079
512 5969
2685 1074
7260 6365
1918 7273
6193 2431
2297 5199
7268 4246
566 4762
5429 4729
4933 1757
2606 3626
1332 6833
496 2189
2733 6224
4996 6563
2294 5508
4842 4979
6581 4411
6335 3490
6675 7520
912 1281
20 489
518 586
5251 5946
5314 2493
2694 2911
1110 6708
4735 4288
1206 7468
2821 1193
6340 5115
6700 6173
5085 582
5575 6411
6753 4559
6240 7665
5839 6260
3145 1348
6845 3387
2286 7150
871 4979
2370 1981
6678 2097
6268 2875
1874 4080
4068 3205
4186 5759
4370 1580
6341 2254
301 395
6813 1532
369 7643
101 6196
1301 1937
1892 3586
1396 2763
3556 6448
7425 2544
854 6002
410 5409
5073 4477
3605 1569
2546 284
5830 3878
5220 1122
4272 4342
2654 7323
6976 2754
5828 3268
7373 29
1845 1078
5473 5401
2517 5207
2936 6052
6200 6027
6452 3583
2814 2367
143 351
5332 5972
6910 2861
2086 6173
2194 4739
5805 1480
2484 6624
7429 2166
1645 1584
3244 2109
1976 752
7316 7593
6804 817
5929 5565
7081 1052
2923 7223
4084 565
497 3303
6107 2582
4468 611
2312 5264
4772 4795
4198 4510
6961 834
6093 5196
2942 3060
5947 5249
2962 52
6066 1201
609 448
4934 6213
2663 4010
1769 3159
2304 186
732 6771
796 3043
4345 559
147 3534
5068 2099
4367 6153
7294 2300
1522 543
7549 7166
594 916
3358 3884
4045 601
2407 6707
4610 4175
4857 1906
7042 5588
986 147
3622 5330
3387 6451
3855 765
859 531
1909 463
5513 6112
3687 5371
5587 4280
1278 3936
3156 5322
7219 554
4339 4138
4728 1505
1035 4080
2085 2021
6908 698
2342 2605
7148 6197
6051 317
1719 2951
3461 7231
1372 7147
7593 1951
6418 3862
5886 1883
1494 5414
5118 824
4544 2156
5010 5578
1227 7094
2590 3126
2784 4932
722 2241
6120 1764
5239 2830
4714 3691
5053 6086
3147 4955
3028 4557
1127 1223
1431 5302
1629 6549
6125 1164
3696 6126
6741 7604
522 4323
3039 3305
1564 6443
5545 2675
516 5776
5504 5230
1776 2866
6307 7605
2813 4326
7153 6621
540 893
4232 2168
2433 5348
3331 6128
3783 5064
6041 4304
1696 4072
7608 5941
2824 455
925 6021
1222 6428
6242 2997
4286 7540
5593 7098
4175 5055
1020 4715
5948 5251
1874 690
5590 197
1810 4364
252 2842
978 1947
6913 3577
2879 4728
6713 3803
3059 244
5222 4292
5923 4499
4142 6507
6588 3308
3872 7607
332 4811
159 4888
492 5748
5084 2301
5104 5335
5143 1073
2273 7047
7331 143
4085 6354
3945 2135
1589 4158
6426 2503
3649 5559
1320 2546
1177 183
2463 4190
4993 2621
1387 5484
3361 1462
2777 3456
6796 2911
4528 4060
2267 4168
4202 1343
5513 3138
6159 2094
2288 7577
4596 5936
5445 907
791 1613
1089 5935
5803 6081
3548 2181
6557 1900
3643 1643
5355 5430
7235 2192
4482 4493
1351 993
5836 6864
6813 6986
1267 4092
6872 854
2337 7309
1761 5809
3913 5531
6736 2025
3922 2593
6888 5470
7174 2840
2104 7520
579 1648
4703 5060
6140 6053
1045 6967
218 2849
1255 1484
6940 3118
5020 4268
2736 1772
2386 1641
7302 4113
6347 6215
1697 5544
3994 1180
693 6097
1009 3954
54 5711
4005 1186
6756 41
3144 6973
2889 4398
3449 2138
7516 778
6405 5243
2549 3783
6883 2160
205 5540
685 1902
3393 7360
5763 6768
5767 1764
5713 812
7474 2027
4679 6539
4750 133
814 7638
4530 4262
4768 4355
31 6164
1908 2579
2256 3782
7420 5143
1631 3096
2036 16
2766 108
1775 3524
1871 2479
4335 4337
7187 1324
5867 4246
4138 6680
4194 977
5933 3953
324 5963
2426 4913
3533 7364
1004 3263
4816 5317
1350 6851
324 4115
1950 4780
7638 6503
7258 6965
5831 6754
3280 4007
5992 7417
5679 5177
3385 3921
1439 6390
4876 3864
3612 718
3537 7298
3980 3344
7606 5330
2504 239
4436 7136
10 7066
940 2259
1332 6770
4004 4611
5768 2305
7019 3756
7481 5395
2669 1229
4095 7544
5093 16
571 3621
7313 7233
6965 7228
7554 4460
2458 6981
6587 5149
6356 7526
7407 7687
6605 3721
7289 7365
6025 1609
3430 5816
7004 1090
2036 3408
943 2120
6105 4196
5741 720
6420 5015
257 6283
4466 5397
5573 3363
2855 6921
3198 2572
1909 4795
1284 4190
7151 7308
5798 2890
425 103
6662 5143
3510 2596
7262 4607
6791 5312
5326 5520
5318 574
6794 4776
5970 4677
448 3817
6589 6327
1380 807
6113 2663
4996 5573
4962 5786
3455 5387
5888 2426
2839 1708
5021 5092
6314 6804
5396 6631
4633 5705
7204 3737
2790 5484
3405 3237
1610 2303
4556 5671
5791 2978
643 3097
861 5604
1192 6997
5982 7079
1732 1130
3778 1744
1214 5083
857 6609
4023 482
4623 3537
4218 7413
4012 2614
5641 613
7598 2506
6283 5698
476 6925
3786 4018
7520 4977
3324 5812
7048 5055
1933 5817
6798 3146
3210 7655
2064 2224
446 6687
5760 7345
1401 2081
4950 7041
5375 4857
4539 3967
5546 5014
5883 1642
1341 5713
1610 4664
3834 967
4710 5766
6784 6499
3904 4985
6463 5967
7208 1900
7645 270
4236 1355
2350 4177
3388 35
4025 236
6683 1881
241 4876
6204 4263
2898 123
1236 6731
3772 937
7488 5547
7435 3701
2841 1200
4660 2358
5781 7296
5309 2327
3643 7659
6503 7030
2685 5520
2257 4359
7400 2497
1544 5913
1751 7123
6035 2986
1155 4798
6604 953
2654 6348
7335 5494
7547 6986
2844 630
6592 462
2956 2544
3112 4450
1883 788
2279 6821
5147 4670
4309 1682
2892 6059
1115 3919
4036 2269
1026 2949
5903 6362
4288 540
4165 6827
7525 2000
7456 6426
5144 2721
1279 565
2162 5843
4035 7123
4973 1491
6784 1591
5854 4668
2641 6968
896 6676
4229 4603
4616 2441
3274 1214
2980 2431
350 2815
4430 115
1550 1883
5517 5511
5130 2670
3663 1474
2102 3628
5646 3878
5218 3809
855 2851
5769 4432
1836 2307
4026 6452
7429 7300
2657 2719
4722 3006
525 4143
3120 4756
1018 3628
5258 6147
6297 1231
2612 3391
4858 567
7268 5067
7057 432
227 5135
7545 4745
2433 3880
6188 2172
6171 3836
7572 3202
6841 3088
7345 4952
2835 672
889 403
1810 2177
1633 7103
5567 1482
7669 136
1540 2027
3249 4449
2154 3103
4185 7268
6983 2682
4431 5463
6517 4312
3657 659
2391 3311
5610 5226
6664 1490
5628 3465
3666 2252
2877 4225
6415 5537
7042 264
7563 2601
7394 4708
5703 3888
4286 7677
1561 1026
442 3069
330 4098
3727 5402
2400 4328
2937 4055
809 3556
7519 7157
799 5387
6373 2205
3233 5724
5151 5787
634 4854
5487 1329
3734 4764
1315 5294
5789 4438
673 1110
3527 7081
6512 5926
6401 4440
4972 7209
2988 4800
6675 6468
5178 5357
983 3402
3391 1125
1499 6706
5978 1977
344 2021
6740 4341
2307 7520
1088 5661
940 4615
5051 2443
5532 3761
6882 2814
5962 4861
2605 7628
3639 93
287 7303
3494 6359
737 7674
5374 1706
4642 710
6409 3691
5050 1025
3521 1129
6685 7142
735 6727
1894 1259
5480 3767
4072 3751
938 1668
6370 7258
1760 6656
6870 246
5324 2598
2911 5690
4303 2545
6399 3021
6235 3758
6727 4747
7568 713
4198 613
7440 6091
1871 221
4850 934
6653 779
2601 5332
346 7043
6980 2207
2280 4613
4804 182
2612 1416
2726 1320
7119 1271
69 6155
6017 7637
6868 5207
3241 1609
3607 103
1829 3448
1036 3473
4226 6318
1114 4571
5670 3085
1769 2941
8 6572
3123 5301
2980 5848
1613 5090
2110 1681
3554 3119
4309 5413
635 2541
2013 6923
2643 6523
2681 6360
2305 6906
4988 6101
6469 5649
1495 547
900 4184
2111 4022
1795 82
4861 6089
5171 1963
79 3716
5081 7070
4121 707
1920 6133
7629 7245
7648 5301
5914 2262
7199 5893
3354 969
3852 4849
4197 7433
4024 6307
6446 810
1380 3616
6898 6550
5578 1969
5258 5650
1348 1688
6356 5949
2812 1287
5503 2769
6587 6409
23 6095
4611 3376
7063 3454
3216 3570
5878 2232
4868 4633
3041 6248
3241 2249
99 3810
4217 5356
1770 556
2035 3117
6504 7529
4403 6999
2607 3300
5717 2629
4386 5319
997 6441
3765 6894
5002 1952
1435 2179
1577 4476
3418 4817
6724 3517
936 5932
3864 5387
6487 891
814 5300
729 5216
4608 3335
3507 5316
956 203
5627 4634
6643 1701
3837 3954
6334 264
1124 220
4739 4542
5036 6454
3050 5972
4695 1905
3668 6173
2795 7163
6464 6205
4689 3382
1850 505
3689 5487
3389 1625
5112 5023
6007 3940
1286 4651
4203 5092
4870 3933
1943 2216
2696 7674
3179 2382
1888 1838
864 7365
1311 7328
5879 991
5701 2720
4177 1699
3198 7566
6006 619
7580 4322
4559 3858
1282 3753
1259 1144
7686 5883
3359 2691
5866 1529
5073 2745
3366 928
5101 7358
3247 3290
658 1257
1001 4835
5638 4199
7392 6635
7499 7281
3266 7049
3448 7230
3112 7388
683 3107
5580 6723
5797 6437
561 5861
1492 6608
1781 1584
6276 5027
7555 1925
6284 866
1751 6913
56 4134
5857 2546
3725 4114
1905 2164
6335 5016
1862 2009
432 2433
1041 1220
1180 4283
2073 5353
5883 6535
6936 7150
3871 6801
1384 5146
2658 5817
7050 5395
2260 5216
250 5984
4322 2154
3140 2966
2161 7683
4975 5274
2425 1007
6494 3604
282 3558
3948 1156
2402 3194
615 1264
4986 4680
6410 7643
2806 5769
339 5066
5977 588
6041 2608
2742 4172
565 7584
4164 5539
5168 1581
1538 6653
5184 4501
2520 1442
5656 7603
7317 1262
3858 4612
5941 2577
7246 1057
3338 7584
1114 4306
481 7154
6913 5904
6318 2469
790 2791
3000 5957
4371 4537
4919 4547
1347 2430
980 1994
5024 606
3255 1191
209 1505
6450 2446
5243 2097
2339 6356
1394 5501
812 3298
6397 7129
5766 7186
4911 1075
5452 4274
5611 5362
1130 1949
2783 4791
6624 116
388 2188
1306 596
6375 65
3041 6609
4843 371
267 6236
5871 3760
1843 7259
3198 7609
6754 3100
993 7197
7373 1596
7550 3494
6226 2642
594 5160
2757 981
2339 4063
4258 3705
6809 7298
2624 3962
7668 2890
5189 841
6649 7032
409 4838
1942 2155
2929 5616
4343 5294
2203 4203
1097 739
6844 4373
890 1911
5353 5910
965 4603
1925 83
6892 7230
6726 1862
5111 4225
2702 6751
3566 5792
3898 499
256 1818
6114 4599
7111 627
3793 518
4047 2946
7572 7618
7538 5234
829 812
4828 5435
3577 4030
4974 2612
5891 2394
1828 3584
1454 385
1685 343
883 4623
2161 6997
4213 4263
2615 315
7462 1653
3260 7343
4262 5790
4887 5090
6601 4706
2835 2487
1045 118
91 6935
5194 1918
5510 1639
2303 7195
1982 3185
6809 6824
5173 3331
6078 2779
6327 5850
7113 4578
5502 3684
2677 2698
1084 1588
2396 6600
6756 3440
1709 1838
5367 6902
3756 3186
851 1050
5372 5514
6916 4490
7329 7081
2812 5716
2169 1448
3875 4274
6026 1687
267 1012
7066 4032
5281 1771
2941 7029
203 4650
1176 561
6543 4931
3746 2385
972 4110
208 198
909 2528
7278 6403
554 4438
160 7110
1021 1177
3788 3970
4871 3164
311 2461
7616 5934
4481 128
2893 5657
3370 4427
5579 7116
6812 6551
6217 2011
6748 2117
4539 6335
829 84
5764 3671
2185 6785
4847 5973
5746 4709
1446 6056
2162 4053
6981 6642
6863 4865
4608 2542
1602 2497
4649 723
1357 3175
2733 3096
5292 2263
1740 6120
5028 2495
4782 7213
4271 1939
5495 2326
1639 1932
3374 3800
5984 2664
2752 5156
7529 7359
2690 1440
2165 7338
4844 6203
5505 2568
1608 3106
7513 6029
4217 4850
834 1309
4372 96
5929 2176
2422 7567
4107 5795
3677 5083
768 6428
2548 3288
1088 229
4727 5935
7567 4562
4447 5381
2122 1047
3478 1944
2067 4
6793 5582
3994 3475
5678 4914
642 409
7473 4749
1195 6141
4823 4644
4878 2362
242 957
2591 7650
6891 2467
7204 6330
2839 1635
2368 6316
3578 4434
1311 2680
2326 297
1146 313
202 1788
3403 7674
1528 7279
6124 6350
4232 5993
1021 4473
6950 3611
7115 1142
1069 6628
2463 6589
572 4830
206 4149
1574 1517
1820 6581
4495 2966
1885 4696
4753 279
4680 1272
7557 5795
7621 4098
4098 3633
3563 6039
2236 2987
7180 3304
4606 1953
4885 5177
6782 5090
4317 3347
1598 6136
2237 6092
1411 6803
5780 1155
7081 2769
2426 6947
3555 5038
3355 7652
981 1909
6000 3216
7577 482
1511 4492
5116 6395
4660 6889
6477 1286
2546 384
7421 7464
6476 3824
1569 4565
7660 959
2325 2396
216 5879
2425 6252
833 6087
3152 1824
4294 3038
2305 5805
7529 2412
7191 4498
1611 5977
775 6838
6361 505
1603 138
7010 3171
7384 6980
6812 2018
4367 7027
2888 6791
580 6402
5188 3731
536 1791
1760 5522
2587 4280
244 4770
1087 4536
3056 4543
6365 4408
5047 277
4545 7049
6130 4238
6338 5251
1247 5696
7269 6817
4796 158
5528 4975
6570 6063
1758 3321
6577 7026
7600 1812
4105 3678
6347 2153
530 5021
6560 568
289 6097
7616 6418
2644 1255
6660 6573
6950 6238
691 6738
1387 6218
4022 2948
7273 771
6268 6159
2789 6177
2962 1885
2164 1618
4037 2693
1630 2907
5943 1918
1313 5868
3328 6638
7123 2297
512 6382
3527 1202
5429 4913
2412 4443
171 1994
205 1430
3144 2993
7607 6105
7560 4762
2714 3906
2447 4343
1804 699
1252 5798
6566 7261
7428 990
1868 249
7372 5394
4133 102
5298 6544
7226 460
847 2423
1890 6672
407 4488
5086 276
1559 2791
4182 4005
2125 5985
4703 6058
4093 6261
5629 3830
7250 2488
6760 1923
191 3202
2025 480
4737 4242
940 575
6664 2829
7246 7071
7316 7323
7346 3866
2423 3837
181 7229
4814 7565
5597 3898
6135 3535
2719 687
6022 1788
2609 1204
7672 7315
1683 4718
3867 2622
285 5522
442 7530
4902 2749
7163 7240
6615 4577
6068 1787
4116 3191
1661 2022
7088 2788
548 4798
3474 6569
1578 1074
82 1559
699 4446
1268 7247
2060 1552
5078 5183
4074 4972
242 6228
4521 1848
3114 2898
3634 2221
1081 286
6924 3160
5755 7471
268 4220
6349 1845
5294 1422
6085 984
5868 2344
3222 2919
6578 3291
411 2961
3254 652
1498 84
5181 7293
5664 3806
1824 6744
4092 1057
2213 4838
3520 2480
1368 4860
4324 1653
1274 5400
5318 2133
54 3531
5051 6631
1813 5461
1901 5067
1105 6080
142 6285
5682 5805
2401 2497
4858 1484
6236 2063
1313 2065
7224 5362
6924 6540
2006 507
4249 2315
5321 4302
5845 2681
5924 7658
452 134
26 4238
1205 167
2832 6887
5972 224
1693 5821
4389 2920
2875 5702
4984 2409
6055 6900
1258 371
2398 5506
2685 29
4800 3522
2709 3033
6171 5842
5849 6196
2389 7053
1354 213
1241 7325
3118 5616
448 7507
845 3322
510 821
5730 6564
30 1979
1926 5109
7485 4611
5137 7276
3124 2838
2618 1604
3671 3458
2791 6060
2821 4144
1264 6743
6461 4381
4668 6908
4197 5513
5221 7388
1325 3261
6262 1354
231 497
6462 25
99 6591
2292 3222
4420 7592
7507 400
3359 2607
1451 1171
6751 2714
224 5521
7095 4891
7420 6283
5395 4950
5981 6719
3202 7234
3064 3433
40 4518
6139 2821
6100 741
6042 2829
642 5859
3228 6682
3457 7361
163 2517
2384 386
3029 1788
268 2758
381 655
2700 1353
2365 5901
896 421
1643 3617
4938 92
6437 3347
3514 7471
1167 4155
631 7076
3146 4087
6746 5990
1596 1440
1367 7306
5909 1635
2374 1281
4971 5073
2633 7335
5965 6210
2747 7608
2137 7684
2691 883
6022 6204
663 2180
5350 3975
1566 3487
372 3303
1787 1967
7424 3153
4264 5643
7469 6637
1915 7431
6701 7230
2068 4976
5749 4814
7575 195
7490 5257
3760 813
3770 7104
2993 4111
3389 7240
2589 3760
2852 7057
718 2586
5202 4981
3220 4980
6610 126
7403 612
7355 1780
579 406
6593 463
600 6392
5719 7041
7205 4480
6455 5189
3582 2153
4738 6171
904 2581
529 1621
158 5730
1593 6059
5702 512
6185 5414
3806 841
7193 4384
1246 6095
7529 4528
7479 549
3878 1985
5029 2642
7173 3602
4794 6902
4764 689
1792 5293
2309 4632
3332 6584
3000 1343
2087 1494
6756 5892
2335 1250
2586 3580
2337 2424
3099 4807
2972 6977
6791 2992
4610 1265
1586 4396
3158 6349
5084 4949
3951 7393
1890 2275
1278 7572
6299 3364
1375 357
1566 6391
1606 4151
4963 6624
1566 371
3740 7219
2339 5522
5203 6949
6786 6788
3654 2253
438 1047
2194 7071
3431 6765
1655 4708
6646 2945
382 3013
3301 1947
1713 7589
1089 6675
6522 5336
2038 2572
4864 4376
3085 5058
3634 2181
4155 7287
7115 4593
3326 4300
6655 6756
3375 619
3774 5012
3563 6837
334 1856
3775 2047
1754 4863
3713 3267
5190 742
830 5045
5118 3915
2413 3743
6095 1559
6022 511
1143 1657
4811 107
722 495
725 7177
5506 6970
6323 832
3817 2407
5560 5570
2261 4264
1146 2442
5006 4658
7487 5115
882 4891
1167 6976
6449 7188
2478 7592
1154 7288
8 4558
2774 3415
6726 3272
5376 351
4103 1502
2757 1972
2063 10
6235 5890
5133 6232
2857 7611
3656 3738
4811 4823
5705 3570
4320 493
6153 466
90 1152
15 5546
4566 6740
1127 2251
7090 5229
6434 4839
2192 806
7530 3418
6696 4972
1960 1862
7575 5615
592 4695
2747 6296
3256 2059
6788 1718
5206 1870
2870 212
7415 2427
6951 851
7360 1343
1071 6103
1173 5944
6909 1012
1671 906
975 3630
2767 859
4237 3358
546 1975
4646 3801
6715 3743
511 4230
604 6062
7123 328
798 1376
3860 467
2718 4930
6570 3890
3183 780
7583 7536
1685 3549
6157 7133
7090 2703
5483 7635
4678 2438
6427 3702
1172 6937
2924 1776
5308 5038
4785 1098
6413 955
1564 1440
876 3125
321 4059
6586 2895
6586 580
6444 5052
2705 835
65 3179
779 7424
5616 2197
6117 1779
1444 4032
3554 1743
1380 649
5522 102
4285 2078
4224 5160
5202 4544
4210 6780
2431 3105
7359 1184
467 5055
2018 3213
543 5478
5628 1150
7674 4054
2929 4109
3078 1474
5852 4457
4804 6365
7240 1398
752 3773
1550 946
3309 5759
35 5739
1174 2385
1914 4322
7440 3931
7534 2974
4400 463
4124 4383
4516 2044
802 7593
6199 1645
7041 3313
319 6591
7392 1071
2673 1251
2016 973
2002 4732
6711 3175
7116 934
2488 6865
7546 5013
2149 4255
5475 1264
3630 4982
3307 7113
4885 1815
3749 4235
119 4067
5817 7511
129 3482
3753 4826
4454 5754
1867 6157
3920 3975
7090 1399
3149 1938
6411 289
1184 6877
1552 4813
4169 4858
6917 1363
6673 2975
589 1783
2034 1398
1603 4844
4879 348
4662 1642
1093 1520
108 5
5494 2190
1403 953
4127 2806
1241 302
1992 5475
107 6160
2642 7023
2514 4306
2308 5785
6089 7023
7182 2683
4176 4370
5712 1147
1003 6805
5349 3793
1801 3152
5982 3203
6786 5100
1000 3019
5401 5674
803 5507
6825 6126
7522 1649
2742 2139
2425 3822
4153 1916
1496 3320
1277 7208
7149 4961
6322 4807
1063 432
268 2036
6316 7054
7135 2308
2382 7528
291 5866
336 2107
4301 167
6437 2034
4987 1171
5855 4131
5768 7351
7451 7044
1860 6909
6997 491
4025 369
3604 4292
2405 4911
6337 4531
2210 3710
7050 2500
1885 7386
7289 6186
2544 6035
3211 2523
7206 1376
6653 5283
3718 6413
7319 569
5631 6625
3741 1965
1985 7344
1249 4389
7246 2577
3912 1766
6287 3271
6947 3163
5648 6545
4340 502
4890 7551
3024 7087
3918 4668
7361 2627
3391 6989
3195 1331
915 6935
5978 2900
1580 2218
2280 1135
4794 6191
5582 6072
1772 4839
1545 7419
6375 876
2912 6256
736 927
5652 7335
5595 5323
2271 1295
7303 457
5307 528
7391 6276
6109 3962
803 698
89 589
1881 5670
6660 3652
5500 3196
6062 4185
4072 3966
2750 7489
4892 712
7134 2796
1026 4396
6772 638
4853 7071
1165 7235
5656 7273
3507 6459
2963 6277
7047 4843
4256 1008
3486 2066
4204 4539
1242 585
814 6673
3065 698
2376 2508
3493 3401
6904 5257
4039 6748
4637 195
6292 2602
2460 4790
4052 5422
3376 6090
5256 2624
7098 1051
4689 3611
5589 922
6877 1395
7594 2251
2092 2280
7441 576
5680 1646
5832 4710
703 5460
4905 1986
3054 7364
6776 7105
87 5143
5505 5342
76 7594
1384 7446
3514 1964
677 5382
6040 3263
2624 441
5542 2374
1017 6213
4019 1840
3233 7403
2292 3129
1699 5345
5484 3466
4759 5570
918 5255
5903 3676
5158 2278
3431 3663
4241 6790
1354 2591
5044 6660
5713 2895
1343 1721
4099 354
6243 2323
66 844
5451 4446
6188 3244
221 5938
3805 1139
3503 2017
7496 970
4294 3236
4633 3527
5017 978
1109 2370
7637 1813
256 3972
3534 7037
7007 2086
1669 2064
5611 7120
6510 4108
5355 1722
2355 1470
5542 849
6168 5347
1819 5454
3575 1443
1290 901
5102 5080
5953 41
6892 6208
6694 5417
546 1002
7502 2215
3065 5422
4326 4566
4521 1990
1280 6876
6141 6821
2716 4619
4478 7216
2382 362
968 6353
3944 1062
6424 2206
1102 5625
3406 2787
3352 3951
3788 5845
1157 1844
6259 5482
6410 3089
2464 7689
4956 914
6819 7672
5532 6288
7197 2905
1641 3157
4249 577
4218 2982
5464 311
917 3861
3097 6950
122 1876
96 3960
3719 6354
4434 5120
1753 6897
5118 6708
120 6929
1681 644
518 1188
6230 2159
4344 2789
5417 3553
762 3190
6545 1678
7051 4633
3619 2164
6508 3715
6123 5218
2378 2866
2648 6812
2072 75
822 4874
1995 2502
509 5195
3689 6738
2345 3024
4518 71
6576 5280
3260 422
1949 2620
5054 560
4783 6553
6956 3216
4081 1643
1073 6728
3447 5827
1794 4268
3010 6471
6769 6200
3975 2768
239 6319
783 4757
6389 2351
5028 1958
2772 1968
7260 2818
2527 4352
1680 1792
2559 5760
6117 6314
7479 1873
4450 1583
6140 2451
363 210
960 7019
5659 1198
5647 6442
946 7027
1102 5973
3976 3873
2933 3545
1682 5459
2889 3362
7251 439
4113 5677
6752 3902
2541 3511
476 3672
5961 3520
3881 1912
2848 1850
3110 3486
601 6737
5504 4384
12 1789
566 2944
5334 4930
712 3214
601 2954
3652 7395
3622 2714
6288 6162
6224 6763
4825 7177
5274 1016
1398 3113
2865 7189
6598 6147
6236 4411
2840 6247
6200 6087
4182 6525
3326 4893
4730 6608
2839 691
6313 6460
3404 4910
7614 4620
6665 4748
4106 4248
5763 495
7361 3619
7684 6268
4757 6229
5671 7596
7467 6862
985 3958
688 4310
3842 5417
3228 1672
6107 4532
442 4503
1751 3047
1432 725
104 529
7655 859
1023 7325
4477 1016
894 1544
2236 1556
4131 2012
727 5115
961 4096
4417 7485
1822 2636
1466 2921
7167 4589
7423 3909
7635 3846
7316 2731
4374 7280
3589 5396
1906 3057
6412 2799
7282 957
7037 3723
5651 73
3829 1603
6851 555
4079 982
3190 537
6584 5348
117 1308
1567 62
5153 3874
2792 1836
6145 1372
7232 360
4428 945
5840 4020
4583 5186
2734 5225
5259 6562
1820 7101
7117 5898
3074 5298
1426 1968
5638 1543
3275 7204
4286 3420
6069 2069
5255 4523
3440 7478
4882 177
3414 3031
6878 307
527 1921
523 777
793 2342
187 2901
3232 5942
508 7339
219 6145
1191 6176
650 468
1905 1710
2536 7159
6232 5975
1939 6105
6152 5352
1446 5339
650 4654
7260 3855
422 3044
1188 3290
5944 7101
1541 1443
6750 4442
2580 2932
2927 5911
3400 4831
7621 5935
6981 1154
4220 3911
7259 5363
4255 3696
5693 4904
659 254
3750 3762
3297 4938
7051 4232
4348 3583
5675 6089
334 3246
1331 3260
1466 7412
3082 4078
5656 2373
5232 4867
1275 7482
2539 5529
3487 542
5425 4145
795 1484
2898 4092
6421 2258
633 5761
5840 1299
6841 6174
4544 481
4425 1002
202 7507
71 850
4871 294
