8787 6855
212 113
3306 4505
4794 4236
520 1544
2736 4627
2222 8279
404 58
4350 5284
2250 5395
1910 6764
5639 830
3142 6903
2900 6466
6138 1855
1594 2424
4786 8235
179 8091
3953 4972
1183 4472
4158 1561
6742 4022
1052 4788
1722 3044
1285 3971
6082 837
8377 2933
8096 374
7478 8639
4482 2472
8136 6075
2538 4134
5523 2716
3437 7118
5330 2262
2802 701
3822 7186
2365 2516
3187 4087
5560 2114
5700 497
593 2933
3429 8689
3306 8550
8540 7788
2234 7888
2718 4771
3234 5883
5129 4313
4213 1671
4218 4658
14 8039
3056 22
1768 3885
4108 4970
5998 7450
5466 4234
1595 6537
4135 4901
6299 1530
1544 8532
7060 4261
2158 7936
1357 7286
3461 5569
6600 7678
1439 4256
4573 2138
4277 3983
6022 6027
165 876
4690 3273
5109 6284
1022 6886
40 7321
8415 1583
4708 6687
5844 4509
5835 4843
3007 6938
8054 7249
3472 7136
2718 5687
486 4637
882 4150
1877 7476
2668 4209
8391 5419
8135 625
3517 8175
5588 787
970 7939
5116 4456
3660 8593
6941 4309
4387 6208
2771 5501
4556 3131
2400 2684
7767 924
4476 7286
6042 7144
2707 5645
1418 2055
3912 2578
7872 7143
3364 6484
6294 6123
8583 7596
3571 6736
3117 7957
1799 5887
2313 3997
6660 4712
4323 5640
3278 12
1781 6962
4798 2131
1462 6215
1828 5374
5 912
1372 1012
5038 5308
7134 4833
4116 8347
425 7232
7517 2223
1975 1042
6220 8634
3397 8185
3129 4317
8196 4910
2492 4206
4683 3953
1634 6510
6969 8068
5064 5983
292 1314
2503 5068
6147 6618
4628 6571
2706 1000
6436 2323
2041 1511
8599 3080
909 584
5040 317
5493 5174
2166 7818
6769 1442
5540 4951
722 1816
8576 7444
3129 2292
3724 6918
6552 8351
2344 6900
563 8780
435 247
7933 6677
969 54
7260 6008
6801 1608
2394 6609
638 376
8050 6177
2969 6414
5635 2757
5070 6406
2691 6437
4537 456
6000 4523
7355 4206
2158 5433
4452 1304
3322 3063
7787 1794
284 5800
1044 320
1264 1681
7125 6956
5500 7736
4583 2347
1706 7295
6395 2039
4944 8574
2494 2157
4310 7492
4005 6467
1780 8456
7770 2744
2731 6770
2180 657
1425 3223
977 2689
4903 5744
7287 8045
4693 3082
8034 4041
8020 5641
6079 4176
5428 6216
3975 950
4920 7979
5059 4342
5290 4042
7085 5664
8454 477
6320 7521
3699 4939
7852 6244
1896 6352
5501 6588
7076 2390
8271 6308
8030 5562
1697 2313
2990 3314
3262 5552
2506 5964
1106 5438
1218 8190
2314 7314
6309 8634
6047 1220
2428 5112
5106 1966
319 8249
6196 7394
1851 5679
4915 7524
2454 4254
1049 5443
7567 1954
2208 7715
7917 956
2009 6777
359 4322
5303 6667
1811 205
5530 4239
5316 8278
6204 5634
7740 1256
1884 803
6934 6798
5969 600
2264 7018
3686 7473
184 3536
4044 5743
4491 6052
3732 2492
1586 6677
6802 1040
6881 3544
5278 1053
3034 337
6686 8416
1592 8569
6862 6169
4222 4043
6768 4128
2273 8096
457 99
2844 4500
5841 4978
1764 7215
5112 992
5104 3126
2031 841
4312 4951
1893 4989
2931 6221
4617 2165
3646 2691
8333 7867
4377 3957
3208 6649
908 3664
4391 1395
5806 7874
4015 5212
6302 339
3846 261
3465 3520
1101 5419
8470 2993
1620 256
6857 3880
64 1715
4213 6039
794 8589
7638 1644
4094 8546
2950 8484
7583 8755
7570 2810
5179 2727
3148 6668
631 4255
1400 8161
887 7512
10 149
7768 6866
4028 5474
8580 8241
2725 7016
5685 8006
8660 991
7764 2822
7117 4202
433 3543
7011 3254
6269 1371
1134 4542
3269 2533
1559 4155
1258 1568
4303 6668
6076 5974
3354 5868
3070 3721
4096 8754
2939 1611
7388 8345
2076 5717
3759 2508
472 8412
3404 4384
996 2181
138 1907
4713 1696
6061 3613
906 8006
1493 6981
5192 2489
4061 5904
3853 5800
5871 4434
5053 4471
3992 7128
1400 5393
7278 1872
5018 1895
3898 3656
4075 4035
5562 6430
3374 478
1256 4279
6126 391
116 2531
523 1819
6077 4375
7618 3160
21 3884
5273 1655
8654 4316
4691 7145
6187 921
6682 1297
2219 8399
2974 5423
6041 3990
3543 4939
8269 881
2973 8384
1054 3495
1415 7131
5512 6676
1503 5532
8202 6776
4830 8068
2304 733
4068 6133
8083 8392
5072 1514
8003 5688
4579 2900
891 8121
5481 6802
214 8453
4041 1268
3160 3098
8398 6314
7416 7543
702 6830
3174 5531
3754 3120
3906 5464
6895 3201
5069 822
2357 4284
6510 6935
4826 5043
3911 1520
3057 4124
1185 7097
3034 1988
7837 287
8301 6466
7830 215
4508 2216
3388 5904
2979 7293
2581 1086
1706 7649
1908 1705
788 6060
8639 5614
2315 3762
4776 5371
5529 5960
1323 6205
5590 372
6492 2747
4480 5534
2961 201
5392 3992
3747 8370
2497 6327
7099 1846
2831 219
3550 1262
6278 1045
4518 6235
2449 506
461 7977
6465 1783
5395 911
8584 742
3657 4277
6275 4260
2120 522
8251 3509
105 1961
1049 4846
1449 1522
5064 4998
2783 197
6042 7300
4074 8491
5448 4534
5323 769
3959 8360
1679 1398
314 5335
3317 6588
807 5436
4753 6701
158 2500
8661 7636
7345 7752
6800 1264
3962 7226
7890 1217
5738 3176
7350 42
7709 3885
810 2880
3458 2488
4277 1414
5465 7594
8002 6271
1885 1610
4184 8472
4109 1700
4963 2666
664 2976
3929 2269
1414 3031
1128 4794
6206 8477
4835 2770
1217 5644
3292 4674
5774 5211
6088 2451
1660 2945
6365 1188
2197 1761
872 6305
1104 3478
183 8197
4096 1754
1678 5509
4784 2805
7945 8632
137 1636
257 1354
4922 3548
3670 1909
6401 7400
4359 8061
7987 8366
6891 1396
1340 5405
7700 86
95 7882
5925 4190
848 7603
7341 3274
8050 6499
761 5830
5777 1017
7183 1911
2207 2065
3819 6251
678 5821
5524 8664
5399 1270
1273 4381
6674 185
2109 4412
5710 8034
8601 4200
4492 4798
5117 1397
152 5877
7226 5928
6894 5621
7838 6743
5329 513
4206 6006
6333 7372
3525 587
8641 2440
4968 4171
268 7076
8582 5977
3965 6038
7819 8456
2048 4148
7496 2199
1238 5934
5769 5774
411 4820
1372 5739
5332 5578
2957 520
1805 4124
1106 8089
6564 3716
3472 6831
8435 3266
1663 3612
516 694
924 2564
2485 8419
2405 1365
3208 8174
7138 3618
1849 6152
569 4823
2942 3525
5342 2390
5292 4090
1691 3068
7806 5162
7541 7453
6070 416
8707 6585
7539 7273
6791 1236
6904 6839
2600 1325
3868 7380
4942 5716
4745 5511
1751 5329
6678 4735
7718 3182
37 7051
3892 5485
3425 2645
1793 7137
703 1713
2578 8242
198 581
7120 4745
5062 7363
6069 142
5955 8653
3500 8342
3019 5250
4884 910
7627 1457
1734 7664
8508 3269
4361 788
5913 6154
7925 4259
5509 1715
3713 5706
8725 8475
8093 2643
7050 5374
2784 1861
2883 3927
1415 5901
6819 6298
4453 5659
5398 3830
4535 5118
7098 6538
5905 1866
1547 2685
6124 7055
2042 7479
1617 1980
7167 922
4622 3072
3939 5048
4932 6821
187 6347
1577 7006
1500 6030
1520 6897
1072 3697
870 5812
1447 6775
7677 637
7102 2657
5334 357
1348 4593
8766 6157
3158 2243
6872 7096
4933 3016
2772 5120
7005 1991
981 8505
8020 143
4257 6734
3839 5127
1401 2928
757 291
3564 7858
590 111
5857 8367
4703 5835
3380 7860
8077 1464
3811 4223
4479 4225
6985 340
6216 5608
57 3091
5750 1956
7468 7231
7082 81
1371 7838
6801 4935
4552 7390
2688 1621
6970 5033
7456 1562
4106 4388
3025 5559
6253 5146
7427 2093
3128 2498
7700 827
3231 2305
2783 1911
748 1077
8422 2119
128 6435
4696 4679
2681 7383
3942 863
3628 253
67 5376
4641 734
8578 8536
3522 7217
1842 6650
7357 7184
7476 1800
7132 1471
1354 7879
191 7418
7640 6748
2708 1191
282 5388
8573 4223
3893 3414
4476 3959
6432 329
2335 6222
6507 5857
2294 8348
3719 863
6745 50
2663 5089
1521 1659
1823 1711
289 7106
8458 2996
8296 6382
8384 5725
1817 1132
351 6292
5091 4425
4263 5068
1860 1983
2137 1796
1543 3498
2659 5930
3548 2964
8661 2711
4622 8127
4421 2553
6445 1734
5548 3596
8115 2787
533 7574
3919 7313
5079 6652
2951 6984
2932 2453
6609 2712
4248 5795
6209 6906
2937 969
7512 454
3679 989
8580 5742
3541 6237
5118 6732
1045 2088
731 8008
875 2292
6533 3596
156 696
1792 731
791 8401
3442 5039
3051 7293
800 5987
5905 8312
6440 796
513 6232
4181 1697
1324 6941
8428 12
242 371
8019 7546
2663 5764
2354 461
4103 1788
7621 4893
7831 8705
1144 2094
7211 8374
5724 4328
7898 1019
2766 6053
4894 4589
7749 6217
2743 7389
3871 627
5403 3102
8172 5708
6509 8168
6168 1824
1168 2645
4359 6642
2562 3146
6378 7415
2732 3314
598 8272
4333 1007
5537 6869
5595 2142
4298 5980
743 8169
6606 6145
126 5990
3065 6634
5370 6876
6100 4181
7163 1672
2035 7367
4817 6055
5995 7548
582 4235
7032 2557
5241 1424
638 8479
3565 2578
5671 1951
8389 3490
8095 8515
692 16
4004 3705
4534 1317
7885 2909
2988 7562
1488 7804
4829 5125
4207 3053
7003 94
3252 3456
1517 1532
790 5082
1753 6461
7032 1354
7593 3982
7511 8284
1640 2728
844 3816
1687 6371
4367 4674
5145 3498
1333 7617
6265 3182
8312 4480
3275 2777
7936 2434
1951 8725
5158 3703
4041 1045
2700 2846
5027 1423
8773 4309
1793 829
5768 1122
4843 1347
3438 7630
4844 4770
6459 2322
5594 3627
6801 6511
4046 3592
158 5996
1173 5315
7342 5213
6360 1254
5702 242
319 5687
2193 8542
4158 7960
876 213
6950 4314
7843 3006
6726 3157
2970 3533
6783 7414
1256 2041
8648 7843
5680 1033
4371 4234
3889 8373
3130 803
8614 1091
4132 2019
845 8289
7622 1721
8502 5784
3677 7557
6432 1615
1926 7045
2790 6352
5671 1689
6035 3174
744 2927
1850 2757
4803 5738
2342 7932
4183 8598
236 8314
8260 7510
5458 7094
6873 5172
4090 1762
1584 8164
1020 1153
6421 3809
5147 947
3140 2394
4121 1527
5321 5970
4283 7766
563 4268
4554 2388
4078 4789
8344 3550
1154 5014
8286 8027
7829 3588
1001 7055
608 2020
5850 7028
3472 2209
7975 6611
4603 3308
8137 7566
6920 1276
6544 7482
3186 2310
1082 7263
4741 638
8456 3538
3294 5597
2777 2335
6828 1420
7033 7435
3440 4095
5675 4554
6304 4862
2377 8549
8169 8157
7327 6301
7075 2726
2638 1473
5036 1362
6378 7419
8429 3689
2169 2936
499 2588
2913 7326
4008 1158
5973 5090
5253 2860
856 412
7722 875
173 4746
6674 7499
8690 4961
7867 183
4076 1758
1545 1667
390 1186
2998 201
1764 3496
2789 4677
2034 6796
3477 5649
741 6372
8509 1596
6783 5086
2470 4598
7474 357
3309 7376
2960 32
5202 7036
1789 6746
6345 2178
5574 555
22 7338
4051 453
870 3727
4891 1989
589 5631
8361 6740
7226 3999
3038 7338
8597 8154
7694 761
4386 1867
792 800
115 2581
7545 6459
2401 1974
4656 2422
524 8706
517 7823
1289 5407
1025 1877
2250 7028
8616 7118
8669 509
5669 8478
8662 4575
6882 4260
4084 7673
5059 1841
7896 1459
5942 7940
3433 1811
8004 1599
8159 8521
635 660
5140 8089
2536 5033
3972 7
3363 3853
515 244
3544 6820
4819 1638
2292 6545
6953 4994
8386 3705
6452 5540
2857 7527
4993 2073
339 4365
1806 7403
5024 4589
6704 5203
834 1888
5209 4196
5740 3367
4440 6926
1399 6901
6206 1333
4658 4372
6326 1899
5719 1634
5082 8575
373 1287
1860 711
5651 1309
5756 1888
5897 3672
7090 6730
3202 1154
2138 6585
4520 6577
4723 3561
2333 2142
4894 6991
4156 75
6532 7517
1708 2826
7304 2081
4113 6806
434 976
8114 6190
506 5223
7504 5238
3165 8349
4035 2946
6146 6197
735 8511
971 711
8295 3507
5344 1306
3581 3088
35 2932
5914 7338
5012 7669
5357 3088
6287 4683
6920 4436
7549 5637
886 8356
2841 2563
2514 199
8760 892
8709 943
1602 8217
2092 6945
735 5672
7675 7200
6246 4801
5750 2470
1325 8749
3201 7612
4645 1333
3260 1049
4612 1788
617 5095
4351 3131
5293 4323
4022 2858
2908 5623
8717 2642
1423 7094
5956 310
5506 3415
2754 2469
3527 4078
2430 6727
2902 4717
5703 6161
5765 7957
5592 4025
4265 1155
7155 770
3120 32
1270 3670
3297 1199
6311 4719
8293 3479
2671 2654
6893 5424
5122 1633
7145 5195
8359 1259
7554 2917
5063 2175
2087 8297
6199 3994
664 2209
2406 1426
2240 3676
5095 5536
2517 2618
7897 8452
6096 1780
2319 4202
4847 5083
3477 847
7920 691
8535 6687
3608 2453
6504 3337
1962 3915
7330 2625
3766 948
1693 6005
2266 6787
396 4783
617 8292
4447 6713
7714 6765
8557 1416
704 3246
2262 8623
1579 2010
6522 5186
4462 1881
8522 6424
5795 4707
6691 7203
5655 8384
4420 5563
4026 4815
1558 4643
1962 6005
211 7319
1625 6410
8734 2328
7298 8639
8594 89
1861 3971
5275 3965
5852 2652
8031 502
7359 3578
7705 1869
817 3337
7431 4842
5795 6632
697 5399
1492 7337
3930 3116
4959 3877
3087 3469
1371 536
3558 3231
4506 6475
4838 1570
6769 4082
2072 2983
7659 989
2494 8475
1968 7568
4529 5405
5412 2869
2017 6903
1418 5946
7661 6377
7465 8390
7488 48
138 2258
921 4644
6375 3402
3856 4357
7483 3570
7339 3997
4558 1046
3684 4169
6256 5855
7216 2880
8723 445
995 1354
4034 6298
5373 354
5901 4073
6832 3681
3974 7752
5967 1561
9 1036
3560 7491
4605 8542
2700 6806
7230 4026
8617 4698
1094 7045
7577 7459
7490 6214
6455 379
1367 3040
732 4910
4756 7563
8591 8729
4171 3413
7932 4179
4448 2705
526 6696
102 3225
2357 7331
4894 2186
3241 3630
6873 8460
2301 3218
3529 8756
3596 4895
651 4328
1018 5406
746 7251
2990 2559
1876 2135
6738 3967
2482 7263
8305 2583
8130 1874
1126 1879
4059 2009
5508 2144
8111 7809
5362 2852
5420 6600
5389 6070
8570 6406
332 529
2512 3321
3087 2031
5455 7467
5997 5579
3585 5514
8161 571
5030 6929
2449 6731
6580 7957
6517 5903
4621 734
6397 1253
7334 2999
4965 7116
7047 5296
7644 772
8617 8374
445 2927
7053 4084
6149 1851
7240 5522
2421 3482
1307 4869
1425 7886
1681 7941
2645 6301
8675 254
5196 4864
3252 1374
3192 1512
4312 8479
8713 1784
5708 370
4711 3973
4453 2072
3466 548
5236 5886
4029 4185
8398 5453
3284 7721
2249 3571
5235 8566
3824 8073
4642 4719
7089 5477
3873 2614
2811 3798
4397 8518
1810 6750
3703 3905
6464 7169
4452 556
1910 8480
4740 7950
2788 8023
6884 2679
2806 974
2458 4273
259 7099
204 7348
1431 4076
7604 4241
5516 3213
3971 7325
7606 7674
85 5282
3698 4536
5837 3250
1871 1790
2413 2301
7455 509
4979 7904
7912 7436
3389 8170
3391 1235
4373 2464
5310 3189
6705 8468
6402 1888
4648 2863
7204 4732
8144 8544
6910 2837
3007 8780
4626 3062
8723 936
3570 4914
6482 2694
1206 1083
8506 2239
8747 4092
4702 2912
4923 262
2592 180
2150 7239
3042 6996
3183 2399
4396 1305
2878 7402
7727 5146
1676 5305
6081 2888
7862 3776
3224 280
2501 2942
161 2461
4676 4862
5372 7242
5124 5607
7421 4916
4058 8106
767 7241
8147 5162
6188 2237
1419 2771
7382 3094
8075 4675
3624 4792
6093 6847
5071 8594
7432 2874
8697 963
7736 2924
8204 1715
8530 4481
4273 3801
3799 5039
8684 3158
7844 3727
3037 475
4140 1631
3569 1071
3948 4835
5862 1254
2895 8576
7490 7969
2662 5042
6574 8040
7965 3634
967 7708
8114 2882
364 768
5564 260
1568 4620
1629 4604
5094 5769
3877 6305
6839 7824
2353 3913
6720 2890
3701 5422
8501 6363
1676 6287
5615 7284
1133 4225
6204 6889
7106 6567
7656 3882
4469 6866
6144 6097
2682 2451
3078 4201
6398 7559
3238 8750
2685 7600
495 4028
4235 208
8033 3553
4138 4861
8479 5270
6728 5895
3372 2689
1317 8670
6571 3428
6749 1570
7168 7073
4020 7888
2487 1631
6660 3367
8023 6987
2179 6161
2227 4056
4011 7903
7609 8148
3976 4943
2274 8346
2051 5645
2247 1010
3170 6460
2081 1131
8030 461
5847 3262
8348 8333
2535 3863
2912 8201
2062 2733
5574 1932
6789 797
1047 3253
6588 2665
8195 74
8653 7888
3361 2112
111 6530
8572 8621
5304 7814
294 2363
8718 6284
8338 109
7790 105
8309 7494
2837 5095
7068 838
3534 5757
4090 1334
8421 3498
1407 8286
2598 4767
8041 351
153 7825
184 5456
4494 6907
7818 4424
2047 5011
4532 1049
5115 1696
8542 7951
6790 6823
2 7967
3792 1734
513 1069
5231 1920
6997 5472
4329 6250
5822 4481
2930 3649
1149 7423
8198 6609
703 1457
475 2877
2505 5589
4573 8690
4753 218
4368 2397
8184 5802
4130 8697
6870 7004
8259 2723
3688 1443
6615 7152
3567 758
8443 4715
5823 7854
180 4168
523 654
7045 671
3886 473
7003 6281
690 2583
6320 6517
8384 8092
4069 4110
6308 1183
6832 7638
2625 2302
3646 6191
702 3301
8549 6525
10 6371
8335 6963
4667 4235
7633 8552
4707 5848
3688 3040
6073 1220
7199 5669
525 2480
7421 4475
3662 3108
3326 3929
5410 4614
7763 6111
7914 7524
1491 5567
2750 1039
3742 7416
2916 2587
4824 7623
6077 8511
8305 3362
7374 6716
6673 7898
408 5307
3585 1712
8414 4553
5640 2679
379 4615
3 5936
994 1493
2715 3743
174 6456
15 3090
255 2481
8355 3974
8634 5515
4978 7220
3443 2863
3973 1493
5812 7558
847 3082
966 4129
5760 1345
8744 3405
7280 7380
2541 1207
8766 2714
7662 6423
3446 5559
116 656
745 6392
6170 3365
2468 7255
6227 6440
6390 895
2853 7236
3976 3819
2578 7378
2806 177
1996 1298
5199 4536
147 5177
4892 5451
455 5981
2222 7000
6636 609
4605 1662
3973 7072
129 7842
2367 6519
8736 5220
2610 1567
6681 2830
158 699
649 8583
8426 5848
1974 8572
8667 4508
5235 335
1701 5099
7334 8337
3350 794
1211 4965
7865 7769
1662 7875
3143 1611
4307 5753
820 8630
6225 7407
6971 6874
7202 6609
1577 6818
6393 1456
2539 483
8220 4239
3224 4410
1431 4216
5203 284
393 1924
5696 2054
1011 51
1307 2960
5803 8557
2802 3241
7176 985
7757 3234
5236 546
1264 484
8431 3802
966 7864
5684 1832
3486 4757
6047 8688
5041 4082
8254 1949
6135 477
8429 5085
3436 5445
4854 3880
6328 885
2507 2940
4118 7742
3485 3025
8225 3128
4469 6833
8634 1365
8664 975
3765 5923
7306 6448
7647 6772
6039 4995
7249 5680
7722 1897
8767 1431
3420 3950
2315 5926
6889 4076
4881 1586
7100 4318
2357 424
2364 8633
8219 8670
821 3196
3449 8126
856 2308
6110 6894
7302 4571
3786 3879
4111 1409
5309 7530
5358 7624
2311 3460
555 7191
2688 7654
365 5044
5720 2728
4890 5151
2610 3353
8346 6058
2691 6844
6009 13
4950 2166
2227 6379
6045 3980
7787 2566
365 2000
7832 2675
5459 8386
7509 8147
4895 7873
2046 1828
8243 4578
4621 8495
7930 4180
3409 1833
2236 630
8276 4829
2795 1715
63 52
5694 7849
261 6058
1061 8092
6375 4163
5334 5096
1165 7871
4181 3210
7341 3636
5431 3175
3344 4573
7354 4395
4049 7232
5024 3537
3273 7818
2894 3335
7870 6230
39 8130
1143 7530
5077 7517
548 8053
1469 1712
4780 5649
4921 3333
6928 1564
6507 7914
3780 2716
3521 7828
7591 8544
220 8506
7574 756
697 4299
6985 7165
1284 5770
3550 4004
2142 4097
3269 3610
5808 5691
472 8372
237 5042
7578 4386
1811 2570
4745 5331
8040 1191
2730 8259
909 7946
6657 8035
3458 4854
6413 2384
8266 1175
6387 1621
5272 7299
5230 8722
4202 3344
5949 2081
8385 4740
4110 7838
4952 67
4381 4205
7687 4753
1319 6238
3912 7976
5486 5012
1685 754
7395 1164
1928 4995
2784 4842
1149 5656
2420 2993
213 8368
5074 6240
4320 396
5291 485
6892 7314
2332 5791
3280 3650
3241 7191
481 6369
3415 2166
7122 2022
972 6693
4659 1398
2747 3450
7053 2809
6443 7265
2390 2729
2361 4352
767 7651
4836 7658
3820 4810
2304 7099
6103 3187
3145 6583
7199 6559
6391 5533
6224 5005
3438 8525
6402 3828
3188 4668
6636 843
788 238
1214 3148
2233 1980
8441 4711
7280 3474
734 7226
1785 6836
8055 4930
2274 6466
344 8665
3212 4210
2525 6649
1591 140
8119 4778
4807 5968
3263 5594
3848 4476
6385 6080
6455 6038
8434 2590
724 380
1028 152
4858 295
2724 7131
6761 710
4651 7615
4920 7176
3119 6510
7315 2451
143 977
6061 3405
4213 1121
5523 1810
4844 3190
5491 4490
3422 6214
2512 2092
4008 7369
29 6731
5712 6789
5084 8006
3259 7646
6394 6378
5368 2564
41 3153
3540 6101
6557 7752
4864 3292
7205 7350
4124 3908
695 5188
1334 3206
7279 2985
8217 7307
7358 5142
2952 3654
2003 6210
2512 8396
3800 5522
2172 1483
6317 3354
5226 4086
2318 7733
5020 735
6295 6786
4642 4633
829 3619
5481 8107
4246 4911
4270 2816
7695 7221
4113 910
2286 4267
6948 6086
1002 6762
5211 7318
1328 1650
260 1288
7025 2922
8453 2175
7351 1950
6807 8179
5568 3501
5142 7456
8411 624
1485 4961
7844 3240
5870 7772
7506 4030
5070 6150
2004 7924
4681 974
7216 2583
2261 5453
3147 1926
7627 1710
3876 5647
7532 7086
6790 3886
5755 4056
4509 4882
229 1208
8121 3741
192 6839
5413 2905
4202 7416
8471 6525
6032 6899
6750 8292
1207 7539
1431 46
6892 2949
3335 5636
1247 7767
7164 4644
3035 528
738 906
1735 71
4646 8356
4553 1271
116 6397
6329 6229
1777 3573
4340 8526
721 3189
7277 8581
878 5381
2742 4212
8659 1631
835 7035
6275 1512
7562 7012
2418 6939
4726 4706
4151 491
5977 1909
6887 1161
8138 8663
2377 1333
6044 3097
4522 2176
533 5399
5200 3274
7253 5071
4904 8087
962 2391
812 8523
7046 872
4318 2984
5577 8468
1117 409
1589 8003
1570 7369
5521 1589
8702 420
2328 4436
2595 2860
1047 7794
6133 8299
1721 8679
7599 2682
8713 6053
60 6971
6924 2020
1167 3713
1700 2283
4122 932
7928 3334
8300 2304
4922 8214
2723 4892
3862 2960
7751 2551
8397 5096
8493 1330
2630 4947
1654 2555
2212 8143
738 6778
1376 8334
1703 3075
8259 3467
1649 7399
4443 7592
7345 7007
7018 1280
3111 8523
1883 2074
8716 1492
4812 8421
464 7442
4580 2117
1209 6791
7902 8377
2424 490
7923 4127
1208 7395
5236 2856
3649 7322
8090 2207
3184 3964
1129 6295
3699 654
6011 1270
2145 2036
904 2608
7120 3126
2367 5971
7560 1482
5560 1196
1971 2339
2965 821
7376 5844
3677 2237
4378 622
2086 7561
4585 858
2711 5926
1511 8722
7196 1299
8400 5742
3906 6732
80 3916
1558 7639
5397 7118
6478 5010
669 655
5831 8044
6498 7150
7923 8518
7771 7652
7292 3569
6152 1215
707 7662
7579 5545
173 7191
2499 1722
2778 222
5637 4336
5503 8676
309 3193
4898 7407
1491 8371
6663 7988
6733 3441
7719 5717
8735 3866
6928 6099
5080 5277
2617 1515
2035 432
8705 2176
2153 339
2397 5432
2317 7900
5320 2625
8735 7861
1244 1438
7444 5549
7069 5390
6632 3643
8749 6580
7508 4532
3891 1443
1021 6507
2957 698
6939 518
2874 6734
7286 2913
3379 815
8455 6341
1082 8403
3057 8755
7483 1714
5516 3407
4746 1003
7049 2350
7582 3412
4524 2686
4855 5544
6835 5454
3885 4986
3614 6758
576 2112
7313 1597
569 6981
7937 8080
4239 2207
8047 2934
1563 2418
6341 3951
3421 2245
3943 2215
5657 8466
2543 8154
5222 591
4820 6749
3219 6077
4719 3794
5831 3245
5390 6400
7868 2183
5692 3319
2032 2595
6252 1237
5012 1448
5187 8432
3693 342
8290 6992
20 2045
6358 2884
278 33
846 3497
6109 3207
4933 796
4094 7966
7195 3174
1361 1742
6492 1035
4336 1600
2271 561
3047 7457
6635 4382
7798 6137
229 5460
5825 6586
5986 6102
4262 6831
811 8013
7681 3387
21 2987
2565 4858
3804 1568
6600 1508
2602 2148
750 4872
351 1440
3541 6986
3464 194
1978 3693
3296 7802
7921 494
5117 3395
4968 3570
2621 3861
4599 284
4490 7163
5142 8293
8730 597
7444 187
387 8193
5058 738
845 6241
5366 4309
4077 7343
5644 7372
4001 4777
7866 330
8172 1689
1542 8435
5549 6141
8718 1251
4516 2715
7187 2102
3311 5843
2288 3698
5248 4989
2078 3736
2442 7443
5687 6519
3641 2543
2746 7641
7319 8254
5613 4346
1155 7155
3993 6703
4508 1567
5597 6666
4281 3996
6410 5235
7481 6341
145 1584
2542 2222
5319 4983
7307 8648
357 2160
2403 3103
7444 7365
2569 4269
2923 3724
2636 4559
8069 4786
6125 2521
308 8048
4159 6717
2138 2852
1913 2282
4436 4454
2146 967
7080 7095
7258 7436
6898 7303
8181 5554
5880 1963
1035 6446
3329 1314
8647 253
3742 3627
2774 4049
530 4575
8409 2668
7427 1534
2592 3075
3631 2381
1684 1923
688 154
7001 7585
7457 6395
1994 2192
6000 672
6280 6971
8415 6139
4866 3369
978 5282
5061 1508
1070 4682
4175 8496
3858 4409
2783 7488
6789 4466
623 7477
2263 7624
3917 7362
2874 5911
766 6516
4225 7046
4699 3852
2040 7207
7220 661
3702 3493
2168 4771
5817 3985
4479 888
8393 4904
8375 6395
7012 211
2727 487
5477 4286
7848 5993
1409 6257
1364 3276
2158 3705
7127 4197
2124 3203
2500 5825
6695 2310
1808 1368
6294 3929
2255 3543
45 1842
7580 4700
8482 7949
5186 2814
3447 1890
6449 2499
5789 7812
5774 7946
2729 1757
998 4853
4959 3498
8320 509
5807 1341
1876 957
2912 4130
2142 600
3615 7364
5299 952
6525 1697
1409 1184
1229 7857
1325 7017
4525 7099
3818 7253
68 4816
961 5026
5956 494
3177 618
1834 5053
8004 2388
6825 1358
2987 8082
8721 8285
247 6458
7625 1655
5285 66
7154 6609
4726 2891
2563 8543
1357 2630
2214 2317
5298 5812
453 6118
6430 2286
2383 5646
2317 6850
4647 5303
6145 4580
4801 6391
8681 1281
5688 2821
1346 4054
642 3714
6945 3205
1113 5944
3477 3326
5903 6418
6781 6356
3748 4423
6284 3773
7711 8600
1835 3570
2759 7979
5793 7559
3225 3329
52 6555
6149 7827
1822 4433
397 6409
5280 1509
1208 8757
2477 4753
4030 470
2321 5420
2535 6248
405 7889
6060 8669
314 6461
7861 6106
5232 8728
647 2926
6496 6795
8396 5960
84 5
1224 5363
1513 74
5332 1632
4826 7004
8532 4790
3636 2279
2250 1683
1380 5952
1565 8124
3626 638
5442 6500
7008 3732
639 2359
8169 247
5961 8252
6681 4827
4828 5836
4900 7802
7467 939
6019 7211
5728 7297
7133 5620
193 6155
2784 1757
5491 6409
37 2146
4122 7044
3520 2403
7046 2901
292 4219
2366 6972
259 4836
4020 5158
3850 342
3739 7511
5196 7109
6021 3541
3941 6213
908 4368
7969 6399
1989 5648
6187 3753
3904 919
6155 8592
3819 4089
4024 3827
8703 1925
8662 3935
7082 1368
1920 8464
91 7115
6785 6111
1868 8369
1179 418
3949 360
6816 3580
3650 4215
7333 7554
2776 2343
7358 4238
4075 237
8064 3990
2161 5582
5568 6886
6949 7487
6562 7039
3457 2202
2006 5324
8213 3184
5741 3374
1187 1413
4597 4836
3270 785
1245 6046
770 6246
1496 4844
6482 7202
47 6286
3996 5614
4384 8587
1956 8588
4482 5412
8432 6487
8378 7858
7313 2974
87 6142
4386 4683
8621 7656
3110 1078
2557 3880
4966 4052
8723 304
2466 6412
6589 4105
3238 8615
3904 2836
6058 8385
8247 5702
3727 5480
2415 2253
8454 2502
6037 4052
4827 5870
563 7937
4591 3119
672 769
4813 607
1072 4922
7019 5303
239 7899
2773 4142
8378 43
1383 5480
3388 5109
2173 5802
5004 1839
5946 2254
3533 8416
8123 1739
5208 1569
2500 5879
2338 7313
4128 1052
3447 2359
3998 1328
7901 6770
5469 7491
4456 4494
4183 7843
816 3998
4857 3462
3479 8446
5715 4655
8074 2694
6393 4494
4262 6535
8015 4242
5060 3355
2937 6149
3357 6934
7476 2470
4916 1801
7603 584
6294 641
6069 4752
4639 8569
8214 8117
8227 5141
3984 5156
5477 8019
7292 7382
5767 6519
2836 8469
7516 5772
5831 2085
1561 2162
2197 6477
3962 1012
4703 7899
1653 8415
3863 6291
8196 3289
3263 5278
6073 7247
1646 2762
4121 150
7786 1100
4311 8265
782 3039
2892 4255
5124 4453
4059 7320
8572 5664
5975 2130
4775 7627
1757 8637
2773 1165
782 3678
6442 6854
8567 5730
7258 3901
5879 6257
5000 7832
5734 3424
2084 8625
5321 4850
1933 7023
1025 1717
3899 6999
3847 6316
3481 5603
6165 3896
4411 4589
7574 8495
2655 7353
5438 7556
109 172
5025 5109
8004 8401
6175 7730
5881 352
1435 7814
7374 2459
743 128
7101 4589
6443 8224
7835 1463
3333 1101
6052 8549
808 6349
4757 3888
5117 4866
4060 1354
7617 919
7397 5004
6291 4491
2998 5368
3517 8014
7826 1902
8141 3782
4134 5796
3219 3181
7259 4194
4281 4523
3955 2731
2084 6354
6619 4844
2432 8321
3840 1261
6882 2450
3908 2028
4583 4548
7395 5742
3775 4076
7643 3128
7858 2989
137 8719
3812 5038
4125 5735
773 5722
8466 499
3288 3940
5342 3363
1116 395
4623 7997
487 6173
7667 5069
1934 6274
2023 5708
1562 7308
48 7062
7940 6614
6993 2964
2864 8760
8699 1279
3337 6020
1778 6625
1172 4762
1200 2287
2799 3465
7926 928
851 6805
5996 427
1934 5661
6134 1138
1825 3824
8200 977
1651 4048
1583 2157
4021 1494
3436 7357
5156 2856
2837 3970
5260 1679
3899 5702
2787 3037
6629 1280
7484 1481
1706 630
4784 7839
1768 6608
518 7610
7584 8598
2870 380
8398 6890
8303 3046
3103 2315
3544 5939
6284 6446
5261 1396
3360 8047
2075 1202
539 772
2682 2244
7831 7465
7725 811
2929 5885
8420 8155
5696 146
6177 5306
4678 5693
5994 7780
5650 750
2575 3146
7195 7835
2184 8198
7094 4259
612 5275
5030 936
7518 1716
6043 4098
2527 184
1195 8589
5982 6890
6377 3371
1051 2268
6706 7044
1260 3568
5436 1477
4357 1487
6954 6540
897 2903
2011 7938
8177 4683
86 6907
6399 3771
8647 6568
1598 1055
4012 7579
5587 1602
2162 6638
1512 6511
2537 414
1291 7973
1891 5647
7102 57
1043 7998
2960 3053
4791 2349
5379 4876
6899 633
6289 4401
7200 7886
5455 67
6677 2255
8098 6482
105 822
4205 2641
1236 3138
8256 3126
6428 6570
825 7470
3423 1427
8165 8213
1419 4756
1944 5960
3031 8233
1573 1443
7331 7028
7940 2864
495 7250
558 7029
8072 2405
7312 520
3185 4424
1288 825
2206 2112
5937 5629
1182 5315
2697 2600
7713 4641
8559 1957
4086 1344
1042 272
8371 194
3135 6508
5087 1335
2392 4371
1382 7347
2533 4567
2983 1463
3034 2831
1217 184
6102 2398
3141 12
4997 8496
4652 4768
8095 6380
3755 6780
6651 981
4616 7429
5132 915
6406 7523
2928 7788
3725 3103
1210 6707
4565 4243
751 5782
2069 6852
8179 2852
4506 4389
2561 6800
6799 8298
4392 8196
6290 8686
390 2119
7327 5521
676 4945
1899 3604
1588 5624
4349 2797
1186 127
7040 1936
5908 6751
6431 2942
816 8579
4973 1019
6592 2985
529 2196
2393 4462
2094 425
4223 7063
5945 4898
3221 7844
6144 4808
2323 1706
5248 3508
8262 3500
3087 5382
7893 7160
8323 8708
6951 4509
7369 4755
5136 5541
6951 5171
1215 6687
3239 5437
2606 396
7977 3469
5882 2977
8276 5847
2325 2379
568 1799
5878 3654
7180 2627
8456 4358
2547 6619
6509 7559
2587 500
4312 7180
3314 5526
2722 6552
8605 5327
4590 7794
8 8115
8413 5927
5174 1950
8305 5741
3748 3039
7037 8570
5665 6705
4141 5854
4537 8292
4625 4766
5 149
3158 961
5674 5879
7512 5491
62 957
2141 69
284 1766
5995 5458
1359 5513
54 5106
8551 7091
4889 3071
2651 6672
137 4830
3819 4762
808 3823
4910 1608
2426 8227
5130 7580
4930 5191
8537 4713
2902 33
4122 110
5490 5480
3265 5544
8228 671
1490 1972
3741 1783
8643 3877
6613 3675
6281 5063
5140 2404
6671 5209
1843 656
4001 4415
3489 3750
6771 6390
3783 2105
4142 6915
5227 7406
1314 4667
8076 446
6639 672
2229 4137
2192 54
5454 8472
2759 8237
2088 642
4658 1573
7727 8658
5988 2428
3621 3971
31 5046
3718 1815
3173 157
434 4487
2466 6152
4932 317
6824 4803
2097 228
4856 5193
8699 5258
4642 8430
3542 512
1215 2482
383 4845
2552 1646
6458 2582
6691 1388
4397 1076
7974 2473
3205 1653
8624 5780
8399 4303
1795 1708
2173 4294
6901 8515
764 398
5800 4305
910 7014
6786 7722
715 551
580 7172
775 4913
6203 2814
5988 5389
2929 6836
7041 409
3828 4296
4711 3265
3646 4527
7558 8189
4254 8321
8587 1266
1482 7139
5922 5910
6073 4279
6460 4295
2664 4878
420 6509
5334 4050
3110 5906
8528 7794
6314 3568
3302 8667
6833 6947
4406 3246
3992 6302
2780 3791
7567 1904
2142 2345
7813 5857
6623 3129
7794 6929
8006 5856
4650 2195
1118 5403
8100 7289
4409 5626
2069 5353
3149 6544
1155 7554
1003 5146
5069 1425
149 1491
3328 8720
3835 2353
3432 8101
5481 2438
6242 2342
8293 2105
2180 7054
7507 1492
5555 771
4761 5266
6123 7909
3023 4920
4318 1668
1279 599
3092 7857
8520 4062
5433 3567
6414 77
523 751
2515 6765
735 8450
6512 2914
6716 2874
2049 3483
3644 4452
8749 7409
3573 627
3541 5533
2294 2462
6132 3028
7962 3507
7089 4607
4716 2358
4683 5239
3108 4840
3216 1486
4503 7370
2042 2431
1456 4090
3557 2742
8541 1161
7793 969
1787 189
6502 1723
2651 1489
4750 1825
4995 3051
6431 7353
5408 8756
3804 6159
4809 4662
5287 6954
3244 7328
7027 2342
2631 1796
5083 27
599 1731
7426 28
1920 2783
1750 4570
1914 6499
4037 4551
7192 8110
3116 1456
8078 6920
7614 1742
2794 1756
8695 3681
296 6935
6022 569
6373 8748
7026 4615
1691 5664
4642 3610
8446 6392
5822 8002
1746 1071
3765 151
393 6880
1606 6114
5012 6862
7855 5449
8617 5406
342 6555
1196 4006
7124 5211
3966 5362
1038 3300
8668 3323
4552 5969
927 1587
5183 315
300 160
465 7123
4682 8500
4449 7337
4217 1159
3998 4046
4207 1982
8244 3045
5987 4223
8256 1166
7227 6936
2108 7107
1471 6659
1931 40
8245 7113
355 6188
4915 819
4523 7239
6962 6614
5788 2391
5415 998
4080 7265
622 3536
1522 6609
5401 7420
5417 3840
5569 7524
8589 4682
5395 1732
4722 2496
6487 2719
6326 2614
1180 2061
1065 8141
6317 4496
8175 587
5493 3467
7851 3758
4645 586
1579 1258
5648 4638
5097 72
3374 4898
4754 6411
4272 7118
6549 1971
7479 4087
2227 8658
3790 3291
5655 1319
5429 5042
1906 2135
8508 7399
5892 2008
5627 5113
3265 2488
963 6004
2559 1979
2114 4955
8389 6385
928 3794
5998 8406
7880 8224
8277 2883
370 2787
1844 5799
7828 1392
5576 5191
4 323
7198 3273
5435 8105
5760 4040
5321 5962
6018 5077
2129 3262
317 3057
7055 6314
318 3791
5750 6237
4316 6119
236 6159
3130 8063
5194 8705
4466 2840
6670 519
6112 3317
8623 728
4999 5156
6689 2229
7875 30
3134 8191
729 1401
5717 1047
2834 2679
7283 7149
6441 5162
2164 7213
4437 5000
4774 6546
7839 2656
7064 2806
5973 4543
3533 2184
7341 7864
2056 6429
5537 5189
5832 6265
4232 2762
4954 7066
3083 1093
3070 736
6254 5233
7949 1903
1445 3935
6091 6926
6590 2011
7375 1418
6553 2120
1245 2749
1197 943
390 6733
3774 6222
1853 8005
6626 6807
3926 7351
5542 6996
8087 3008
1084 4891
2553 172
6468 8644
4740 1913
8297 3327
974 6062
5447 8648
6453 4286
803 6843
8661 4576
1920 8156
1436 8545
3818 5362
7108 572
1213 4050
3579 8726
6583 3775
110 1906
1274 2493
3819 783
5819 2435
4487 121
2295 2152
4406 740
207 1922
5315 8556
1291 6750
5956 2751
967 1920
3323 8609
3612 4544
8548 1408
8318 6300
3313 7234
5 4774
8016 3467
7208 3715
3587 7145
5867 5636
7884 3716
7557 4411
1128 6490
17 7083
454 7413
215 1419
7235 3827
5962 4638
2877 3136
8580 6189
1582 6228
8606 7241
907 4669
2168 4493
3027 5677
1341 2123
7036 6541
4177 8163
4243 1836
4101 2339
461 4316
3757 5338
5785 7362
7618 8661
8140 7411
3705 7364
4851 3523
5817 5757
8192 5628
7892 74
160 446
2196 7195
6986 4015
4213 84
5850 8314
2423 6311
1485 3822
504 7269
2396 8122
7142 1748
6745 8489
6755 451
868 3784
3850 272
7054 2954
345 7214
1042 183
5621 5670
4198 7477
5754 1260
7003 5819
5213 6130
853 5717
4611 892
5051 608
282 651
309 7036
1101 1176
8463 4950
7877 6729
7903 5864
5155 6588
3690 8419
3470 7887
7108 6866
6789 2966
1540 3215
308 36
6574 2561
927 2837
3168 7638
1130 1119
3530 2230
8725 3205
7179 7814
7576 3937
2534 3944
1737 6223
1218 2850
5322 5968
928 966
6576 2468
1823 6883
2503 8396
656 1072
88 1466
8709 1217
2584 3451
3446 2521
4298 8267
7978 3087
3417 1724
4673 2796
7946 5890
5645 2123
713 6573
731 7288
6683 2554
5383 398
2162 3681
7899 8680
2789 7820
1109 3015
127 2198
3179 4424
1677 2369
5153 2736
1735 1038
3175 7323
4570 32
7088 2925
4247 7818
1425 2142
1584 4450
182 1389
5773 8080
1281 8561
4756 32
432 2525
8659 3610
4591 7979
3621 957
1927 5355
8424 2744
1533 1850
2776 8620
4774 7022
7650 6199
6807 447
8291 4631
8265 5277
1567 7188
2693 3965
7219 3124
6489 7091
6733 2292
3925 1566
891 3494
4563 6958
6238 6095
6450 226
5927 2436
4890 4790
6277 552
2879 3424
5183 2356
8700 4392
7186 2605
8356 5617
5729 6057
1563 1317
5991 5487
2883 4525
194 5088
338 6431
2396 6787
4299 5965
6865 6831
8397 1998
7383 131
5421 1421
129 5333
5812 7314
5580 5380
4144 164
292 3349
1481 3925
49 2006
8449 6672
7093 8786
1958 7131
4428 6256
4309 2506
4299 1561
4503 537
1692 7566
1957 1820
1754 7768
347 7333
2003 2133
7497 2294
5481 6620
6219 3172
8625 3523
7486 6930
1165 656
2917 5592
4554 7225
5740 6496
6428 7885
7032 8119
6663 202
1152 8416
5612 7928
4605 5258
1273 957
5194 6753
7576 2625
7568 7413
3791 6266
3198 4955
6922 6114
1759 2688
2194 5142
6826 8622
4239 5071
7953 2115
2915 6747
8173 6169
5887 3990
2639 7159
2589 7833
2768 1377
8100 1548
2 3103
5456 843
5700 1233
6956 5102
3921 363
1456 8389
197 5694
4672 8149
5451 7586
3752 4837
2611 851
6469 5249
8010 6701
1937 8420
8077 7680
7610 5722
1995 4278
6564 7695
5511 4732
1652 7074
2737 3107
6675 2933
6443 203
8725 3107
5431 3689
5586 8041
4539 910
2146 1404
7610 4082
7466 6900
2974 6288
1477 2612
8209 8040
7949 4932
1627 813
861 4364
1562 7535
7296 8004
7737 4876
2323 4381
8564 7908
1277 1959
6461 3422
1005 5283
5147 8471
1038 5763
3614 2514
8374 3035
1766 5178
5609 1036
3633 6469
5399 5194
2860 1550
4411 8239
6426 4376
3832 3845
1140 2752
3446 7600
6173 4451
4095 2532
1777 5133
8295 5390
5289 5524
8425 7055
8345 5246
8090 3190
571 2344
8384 3430
3893 1650
2881 7961
6025 4356
662 4807
7107 4107
3619 2135
6200 5357
4667 7976
8132 1817
4579 4633
4983 1859
543 4540
4747 6275
5373 5317
8618 4969
6389 1367
4261 483
540 7928
4838 7631
3948 800
2951 5209
2934 363
8208 5243
5982 7552
4702 8203
1041 7328
1274 1583
3080 3663
5501 8452
6623 5331
2276 4224
6697 4179
4706 4880
963 7186
1366 4910
5628 4316
7761 8562
2322 7182
2660 5946
3589 7362
5361 2272
5902 4277
1498 6624
7939 6998
3932 5774
3541 3850
1211 7881
8029 3559
1616 6634
8388 2981
2756 5228
4940 8159
2645 4904
4196 5305
2062 5428
3879 5065
7699 7423
554 409
5259 8492
5049 6833
3122 8590
1896 1975
5326 7567
3176 6941
5413 2776
7564 5811
5647 3716
2825 8291
6262 7021
4808 8323
1304 6329
4600 6645
4964 2796
4697 7866
144 958
3554 3265
7190 5449
2882 3728
1871 3700
8311 4926
6476 7088
8379 978
8446 2417
481 3564
7080 5289
3099 6026
2830 5342
3883 5437
8137 8579
2158 8280
750 5711
400 7939
16 924
523 8316
4624 46
4455 8742
4776 1689
932 2078
1748 1412
5641 40
4343 6382
6065 4816
579 7591
1465 8716
7382 1265
5851 5774
6975 3894
4926 4633
4817 5448
4162 653
3136 6259
607 5555
7947 1538
5275 908
593 2128
7377 4935
6152 2298
963 6731
1101 70
4302 6125
7764 7795
3112 5952
2901 5680
8227 7718
8770 3601
6013 3118
7502 4263
6315 6662
5800 2802
5212 4035
2572 1444
6613 6367
1384 5218
4310 127
5288 6254
6252 1907
5261 576
7858 5805
6255 4941
4735 6237
8541 8390
6997 7256
3865 2168
2773 7308
4969 5627
2555 5184
7070 380
2763 6097
5598 4715
6223 8528
8611 3687
1647 2727
1905 7148
8531 5802
3301 2121
894 697
1724 5534
5595 5588
7701 6010
1751 1525
492 1949
6708 5205
2328 7113
2514 5568
683 8736
2951 506
1279 2241
3233 3183
7031 2976
6628 7974
5097 7521
8670 4463
4267 3121
7693 3180
6773 657
4705 7265
2605 268
3682 2575
7381 3838
5786 8063
3786 8736
6212 5064
2189 657
5890 432
3632 3730
8405 6371
106 5931
8476 4373
6694 7382
5195 2322
8038 7542
799 8285
7810 2123
2072 4046
5960 7857
964 7389
7806 7175
1308 7637
7831 4840
5712 319
6212 2972
4332 6318
6545 4021
1903 4451
2615 4740
6773 8295
3495 5214
7792 160
4980 1076
4205 8582
146 5168
4826 5594
3556 6134
2086 242
8616 7797
6990 6041
8412 2535
3571 6169
6555 3116
8263 6812
7855 3891
6319 205
6747 5323
364 2939
6398 2211
377 4186
7379 5202
992 8577
191 721
6461 20
6160 4664
6060 5784
7198 843
3166 2608
1601 2641
632 668
4174 6950
873 2133
3485 7666
2715 7525
1090 3091
2924 6111
8292 1558
5900 6126
2278 1216
6145 8438
5879 1060
3077 1932
1902 6242
4539 1145
6525 5170
1812 1911
975 327
1687 2102
7993 4401
840 6725
7491 1406
4048 4638
606 7590
1976 527
18 5763
6607 3540
6822 896
5471 6366
4781 1223
7510 161
4035 6965
8502 2653
7291 1401
4754 4139
5801 3236
8506 2147
2284 3766
6784 2890
211 6403
1059 6659
3378 7665
1411 1413
6203 6881
5421 2196
5746 4144
2357 7424
2321 2071
1289 7254
1114 3685
249 6914
4564 8754
6703 6847
1376 4699
7379 1586
8744 6080
5887 3335
4957 7297
2390 16
3034 7810
8641 8779
809 2210
5058 772
1923 6346
5669 679
7674 5917
7592 3450
3526 5507
7939 2544
7849 4174
1773 7805
1466 7659
8782 4066
6169 27
1724 415
5480 1577
6836 6288
3787 3107
4703 3352
7095 1584
4031 5981
5143 478
7073 6311
3628 3868
6498 332
5684 8270
5779 4792
7141 5774
70 2165
5800 1793
222 135
3370 7058
6423 4799
7807 8768
5793 6114
7994 7466
951 1992
5587 5666
8302 427
7176 6012
7188 4072
3137 4179
77 1491
7595 6576
1298 2251
6012 1520
2385 7024
6220 20
678 5239
6430 4113
208 5636
2792 1158
7627 6021
4467 4785
4090 2855
8439 2490
4570 2789
4311 2289
1922 3119
6507 3219
5369 1374
2381 7753
6040 8600
5416 6717
2694 3058
8473 2902
6337 120
1702 2819
6140 6168
7603 1442
6666 4898
1574 91
5329 5884
22 7250
215 6528
8111 3226
7902 8135
2192 5154
5590 7607
727 8284
8307 412
2398 3499
6961 1742
6318 4313
7910 2776
3397 3431
7673 4970
1164 1857
2066 1185
6749 8711
7712 6073
3149 4469
3063 5340
7266 8652
1802 5635
8148 7752
3689 8188
2463 1862
1143 8780
6174 6695
412 7213
1338 5727
3395 144
7584 3103
1328 5545
3026 6682
473 3818
7 3535
6800 7272
3400 6245
1762 403
5209 5450
8591 5314
4954 946
2950 8770
5283 3361
7195 4263
300 1802
4406 7883
2547 5733
4641 3216
1270 2756
7033 1276
6291 5045
6190 7333
2502 7951
7735 5353
2256 5181
8310 7209
3769 2472
7191 264
3475 3241
4526 3774
5042 6574
513 5232
3519 2796
8447 2432
5551 6692
3707 697
592 7540
8029 737
4346 4620
6089 4245
1013 5611
2666 2425
5725 7500
2688 412
1953 4857
1829 4638
2643 8771
7512 3805
2779 7171
6236 5972
5075 7585
4312 3309
6337 1196
4045 8326
5815 1347
3783 4471
4600 4091
6895 7968
2803 7225
8379 2399
937 1420
4679 3580
7833 3403
5027 1824
8216 2475
5439 2146
7702 963
5454 2895
8588 712
2433 5616
8488 6215
7729 1943
1518 5836
1123 1964
1916 7145
2005 2853
8564 6683
4075 5253
7728 314
4719 4799
431 1370
6944 8132
8762 3610
2239 8563
1964 2314
3034 8094
8528 1975
1250 7689
5453 15
865 7368
7159 512
1433 4579
4837 3150
1044 3777
3463 5762
6218 3893
4775 4374
881 4749
5626 762
2167 5233
3076 2843
4539 459
4817 3431
5790 1482
3446 6654
6493 8247
7165 5568
4038 3214
8718 2724
4633 3393
8486 8493
4929 4473
4079 5809
6864 7348
4213 6674
3793 7288
729 8331
5390 5546
618 2392
4670 4063
6689 2375
1165 2709
7943 5203
3566 5516
7926 5841
121 5267
5547 2692
952 838
6143 5459
8185 1569
3345 3190
6499 4073
377 3101
7261 994
3136 787
2699 1037
3161 3863
3745 8746
6708 4953
5474 5847
2007 3238
8756 7553
3572 921
6033 928
4022 5431
2496 7366
6263 207
294 4282
951 5198
5275 4086
5984 5616
5122 6787
692 6509
6746 7399
2675 1075
2101 4681
1955 2070
3446 5527
633 7121
4097 4654
1407 6592
875 7670
4441 1168
807 5391
4008 6082
689 1204
553 3453
7991 1244
1175 3592
6286 3849
2309 8386
6172 4264
8098 7260
7433 8730
5593 2742
2239 7000
6976 3113
3525 2629
1924 4331
8020 5931
8055 6351
4778 8608
1017 1624
7494 2191
2858 4992
3682 5166
2234 7496
7072 7974
5968 3360
5560 416
6101 7798
7415 4289
8554 8582
4561 8120
4126 3793
2906 1036
1356 7683
856 15
6949 8350
2205 1019
2197 3529
3828 4430
2237 2112
1260 5847
5472 6819
6263 428
5829 2533
2360 5595
2328 6920
2570 4096
8355 5476
5131 7353
4371 5987
7368 176
3192 7215
1194 5388
1957 5021
7461 1836
4776 8720
7683 7890
6751 5158
8317 1435
7690 8319
4673 7660
4094 7242
2968 3661
3930 8099
8657 5944
5298 7237
6119 6132
3307 7312
375 2906
1189 5478
4742 5964
3053 1280
2709 7446
4080 2238
94 2982
8200 2409
1855 3506
863 2465
4810 2436
1776 4679
8379 4716
771 3353
2060 4077
8307 78
4626 708
5555 7010
4314 8608
8289 7022
7266 3581
6903 5002
4205 3958
7410 3702
7463 5916
6167 3485
8351 7942
8163 5585
1514 146
150 3573
1866 8456
3650 6491
377 6848
4713 2333
6668 1857
6998 2789
5437 5113
7791 7284
283 6413
2199 5388
3541 6008
86 747
2805 5891
6331 4318
6037 6480
7891 5545
6149 396
3248 4168
7243 5603
4143 2766
7459 2353
5555 1751
5108 2201
247 3033
8613 2445
8421 1010
6095 8506
1756 113
3252 5730
4430 501
1065 3533
3688 4856
1572 4578
236 6457
1393 2022
436 6494
4374 3633
8244 695
5833 8491
3727 3301
8578 1003
1953 5886
721 1352
5998 3973
7081 1640
2116 8145
2816 3447
4214 2030
8024 2092
8486 7060
4113 6564
4766 6130
1409 4223
4467 4884
3926 8193
8185 3716
409 1350
7244 7559
2701 4454
387 7424
3737 146
6782 6552
3592 8638
8581 2828
1942 5922
7530 3698
3699 3509
1040 2750
7731 5506
7634 512
2554 7031
1870 605
6023 327
5807 8724
4780 6193
7360 8516
3981 2997
3923 7572
2847 1359
8043 2432
4924 6785
3772 8622
1506 2454
2584 6879
7959 7860
7390 8155
3746 473
6403 982
7229 3422
7348 864
7257 3563
7023 2451
6560 2158
7665 7049
1160 4563
7123 6083
2561 2107
3560 1709
4560 3786
6231 1374
2859 2476
7172 6604
591 4787
5228 7819
5851 3788
8683 4320
7351 6918
4413 2766
6718 3291
1027 5520
7853 8150
2815 8056
7899 4017
7408 3672
7803 4851
2688 8304
7326 1072
3763 7917
3501 204
6948 564
3991 4486
2527 2554
2616 6939
2962 6977
1442 3989
3709 6938
994 4167
6206 105
8183 2469
1419 4841
7319 1750
4357 5858
464 8120
2630 3965
5966 7220
4528 1169
2919 7054
1366 3177
2849 4327
1366 4290
5958 2718
83 6951
6884 3932
4699 6279
6400 3760
2333 4932
5509 4332
8432 5973
1307 8704
7580 7272
7136 963
8441 7697
8017 7449
2087 2078
631 1095
4010 6589
1455 1736
2395 8338
5667 4736
3473 922
6139 5805
3496 503
7779 3140
6475 299
699 2910
7570 7835
3873 4866
6744 745
3527 6473
465 1801
5211 4474
6032 6665
3852 6069
3859 7161
2018 7331
8083 8156
1991 2791
8658 982
3574 3989
1280 4272
4541 63
962 8413
4928 5349
370 6098
3034 834
5541 5887
2951 2785
3765 6802
66 7623
2819 8513
3809 2114
7881 5799
2547 5395
6780 3763
7026 8060
5678 2779
5765 4282
2405 8335
843 417
3288 1520
1251 41
7406 1844
468 26
8645 534
5291 2676
259 312
2432 5783
6110 2622
33 4103
6384 7058
1018 917
7479 4425
5199 1096
3972 6041
1513 7260
7560 406
4943 3822
2249 5411
3847 8536
5944 351
68 3845
662 142
7270 4415
2763 4945
8517 6790
3215 7177
7706 1907
2814 4117
645 4428
7801 8587
543 4216
6635 5486
8037 6526
2109 740
6275 5695
7520 6342
7182 8181
6483 3308
1451 6889
8252 1180
4891 323
5999 3809
8659 6455
5569 516
2096 2225
6746 2638
6440 4593
5766 3333
2332 5517
1715 6249
67 447
1446 7249
6270 5571
8199 7721
3672 7663
6543 8562
7985 3755
1227 7856
7852 4438
6015 1160
6662 3973
1441 1957
6208 7206
5289 6182
1579 4646
1286 1645
5092 2731
106 2575
8302 8304
7938 829
4823 5693
7034 4020
7090 8260
732 6155
1553 6746
4957 8214
8361 6397
1383 3424
2459 4315
7249 4037
173 8534
5681 2908
121 3430
3125 6065
589 2275
6893 3054
5610 2782
7074 1556
2254 5448
7710 3806
3406 3879
875 622
7919 8688
1688 8020
4215 149
912 2030
6326 4235
2580 6446
7664 5704
1366 5896
5621 8258
162 87
2253 4878
1642 2149
1538 6994
3598 2586
8515 4472
850 7646
2015 2538
4521 6229
2686 5432
5902 6654
880 8481
1955 6186
3041 3320
3294 6304
2791 1099
4033 2686
5976 3317
2477 5157
1523 6074
7742 1251
8189 8592
6539 1416
2342 2273
5288 2670
7704 45
6967 8583
6168 134
5982 6851
3454 6918
4368 6244
8016 6043
6572 5205
573 6691
8004 2095
1621 6958
988 7452
4405 7527
80 6746
1012 3010
7059 8715
3054 5238
6154 6865
5371 3348
4928 37
7908 6938
3923 7137
4194 8137
1197 2409
6041 413
4503 7661
7370 3134
6325 631
1873 4047
5019 527
4700 3290
6884 5396
6170 4250
3473 397
5240 8401
6863 4361
6551 8429
353 8387
5421 1549
2008 2674
1961 4154
7977 6973
7287 3157
5246 6802
4847 1478
7328 759
4767 5424
3797 8580
7317 7270
189 3769
4526 4694
5772 8719
4335 6124
8319 7399
5315 7969
1285 4918
3335 6905
747 1834
7704 5992
6278 3763
7469 4818
2164 1092
7885 3604
884 6414
8516 7502
7825 4254
1051 4810
1828 5386
8576 1359
3997 5104
541 2924
7664 1518
7471 8410
3352 6388
5615 842
7793 4296
3303 7600
5387 2400
2416 3913
6456 2144
2627 5493
4040 1321
7945 5867
6706 5377
4869 8345
8123 5409
124 6999
6926 5238
6622 7920
481 3449
6405 5916
5387 7350
4728 1987
962 4786
3542 5060
6929 3812
1765 8611
5132 7353
5691 3050
3942 1772
250 3277
4823 6803
7918 604
896 5752
8524 1376
6843 3784
7292 3443
2346 875
5429 950
5661 6613
6009 1445
1637 7773
1269 6768
3981 6959
7460 5565
6373 7709
54 2408
3368 5615
3011 4263
2579 390
3282 635
1816 8216
4077 4161
303 7148
5110 5963
4973 8761
7408 6610
7747 8676
4590 583
4490 3263
6148 8505
8614 3844
8555 837
671 421
2743 3250
811 6024
1527 269
3095 3246
4430 3397
1606 7182
573 4221
7156 5623
8473 3758
3154 4276
4340 5286
5181 8130
5003 2650
3187 4770
3487 3857
5190 6229
4749 3643
1108 3918
3912 4202
7163 5984
5241 6411
2021 5813
1845 6819
291 1530
1789 3444
3448 3772
6372 8628
757 2587
2491 3943
4999 3620
5443 7832
7491 7834
2687 6241
2965 4241
8085 1340
7867 4538
7751 1101
7994 808
7919 8284
8767 7351
584 3428
8765 6955
911 734
7185 3401
2320 1039
4663 7762
83 3366
6808 413
819 985
4653 116
8755 1376
2297 7718
2476 1503
6168 8037
999 6147
4243 8012
7217 4220
3823 8128
2597 2220
384 4916
901 5047
1533 984
6055 8340
1396 4517
6968 3691
2275 6935
2709 4571
3508 2827
6073 888
2077 4715
4677 3962
3939 3107
5825 7761
2447 8421
7623 473
2192 8524
5519 3724
7150 430
3276 6188
4946 7886
7521 7220
6033 1443
3004 753
4269 289
8070 3988
5003 3960
7950 6585
4709 2630
3201 4798
8693 2037
5270 2097
8203 8432
5820 4208
74 6738
1608 2662
3480 341
1094 725
8213 1740
7908 1338
8459 4833
5325 2317
6435 2130
114 2356
4759 958
7153 4664
2994 1279
4403 52
923 7865
4259 7426
5816 3509
1300 508
1492 36
7662 7348
1776 4425
8685 7877
471 5222
1406 6905
4995 7950
474 7396
120 5269
3273 756
6547 5318
807 7469
4396 2708
6107 1424
3859 5049
8361 2993
5085 4878
1553 4503
516 1450
3592 7416
6672 4997
5533 522
1802 3649
7917 1921
131 45
2676 4320
5363 1125
3002 971
1475 6751
37 2976
656 8397
5969 3383
4487 7521
7885 2645
184 2689
1273 4498
5328 6806
5019 4773
8097 4148
6693 5870
4193 7012
1403 7198
8136 2047
8168 7254
10 8204
1442 7095
5456 7410
1690 7585
3787 787
1443 3970
1118 358
6110 4089
4806 2341
74 4116
4131 4409
1198 5966
2633 2600
4376 8412
4646 1399
6878 2299
815 5962
7036 6270
2228 8726
2711 6014
7155 4153
7626 8273
4510 4948
1217 6959
4931 7720
2287 274
3341 1127
3883 5974
3727 5901
5598 6015
7300 1331
5956 8114
7292 4205
3240 7162
4143 5950
4388 153
7745 3226
8425 1110
5816 7284
8068 1959
6216 7997
8663 770
337 3758
4386 1706
7301 1196
7720 5813
169 2532
2783 5103
6736 6022
3478 8521
827 5508
8673 6214
6377 5954
7323 3405
4450 4247
5364 8309
3456 2882
291 3792
4282 4676
5497 2795
3514 2073
8608 1325
2247 246
6427 195
6267 7547
6358 4736
4268 3886
2162 1857
7482 697
2904 788
2586 8267
309 6042
4 7029
7476 4285
560 1829
4723 4073
3901 2186
3040 6147
2431 679
3984 6340
8226 7984
2288 1349
725 2092
3205 8207
2788 6108
207 3017
3231 515
271 3234
7543 7746
5162 8102
787 1097
1030 2330
925 4069
6119 3355
2390 7745
907 1828
6941 837
819 5309
2928 4023
4728 3358
7774 4934
6374 2217
5448 4287
3093 1846
3246 5897
7590 1675
4636 8619
4005 5560
1543 7766
6557 3932
6724 7463
3403 2520
5942 4221
7828 82
5887 3768
3440 4873
8701 7456
4732 3004
2956 5467
4849 3844
220 1294
5518 4855
7555 7165
8058 310
6144 5827
1885 4080
2146 2930
4242 8087
4793 3283
5812 8322
4693 6894
2050 2250
5562 4424
5253 6160
1104 7745
1216 1323
6681 6734
3820 5449
2754 733
5758 110
6560 5285
1832 6348
5857 3717
3290 1863
6999 6744
7827 547
4850 1090
2796 8055
5513 5692
3070 4259
2292 4286
3224 185
8662 7044
5633 2628
5419 247
381 3191
3174 2212
7181 244
5928 8114
2106 1782
6070 7575
8759 2133
8664 410
7830 5390
6101 2112
861 6035
4040 1728
3863 3914
8771 7138
4185 5402
5027 4565
6236 8201
6776 2272
8444 1560
1598 8192
3341 7668
6979 955
7443 6856
1365 4128
1101 7465
3882 8391
2356 7922
1331 3861
3048 7744
2211 7232
2002 7238
652 5880
6651 7428
8151 3950
6630 7392
3354 7613
3915 1545
8568 213
6043 1145
4340 4786
6252 8221
4390 8607
4998 3363
1323 8046
2320 3534
4133 4321
8414 4785
1413 6277
1068 7206
7869 5340
5810 2435
4165 937
1622 3945
1149 5308
5089 3131
1306 197
208 3338
6446 5205
6701 7769
2106 233
158 3882
2196 8571
6309 1251
3703 5019
8456 2784
1571 3122
5218 5735
1701 4482
7323 493
1002 3624
3623 8738
1463 1473
3288 7909
6678 7631
6890 8783
5506 7047
1520 7701
6830 7828
164 8175
4059 6263
2171 5629
597 5031
220 2297
7155 7542
2789 8157
21 4055
5750 1484
5527 6680
7035 1060
5524 5137
1056 2242
1039 218
7586 5511
8046 5392
4898 960
2867 4711
6589 1106
954 4451
3403 8108
3205 3834
5120 868
5531 8512
2351 2271
6405 598
3330 784
3377 2028
668 4415
2246 8253
7568 7934
2501 1321
106 5367
6031 4337
6473 4627
8787 7518
3948 3204
207 6710
1715 5738
6435 4065
5651 1695
2306 6623
2478 5682
6294 788
7740 8539
6684 4163
5328 397
5484 5433
3406 370
983 1091
4997 982
6251 6587
1829 4101
4509 3543
1051 8586
5250 4344
1493 7555
2179 1613
2093 8472
2401 7475
5866 297
493 2406
7123 5976
7839 1741
6346 6464
475 2555
5088 6725
354 4559
8468 2505
8101 7161
2304 2207
2717 1439
7404 2539
695 7139
2223 3095
3469 5732
1034 3962
5780 8156
1150 4831
1109 5138
150 1583
5335 5238
5951 3331
1009 5631
3479 6753
4005 5782
172 4364
4863 5218
6902 5557
3570 6768
6294 7038
3712 7327
2212 704
4338 1005
3178 5447
3785 3327
4672 333
6207 1835
3663 7216
5109 4784
2824 6756
1778 2995
2332 4284
5855 447
7483 637
4857 4990
5318 8568
3529 5172
6914 5510
6176 7734
2169 7604
8704 6840
7936 6123
6318 454
2194 282
5238 5017
7037 4658
5654 581
6584 2722
7457 5280
1001 3526
1482 3961
3306 2653
346 7863
8162 4164
4452 7973
2980 4368
3669 8558
8134 1199
225 1540
7910 3105
6557 6159
7762 1066
6739 5559
3787 5409
2051 2431
147 1175
6391 1096
3827 6736
6601 3202
8543 2265
30 2735
6633 3698
2506 3622
4896 373
5161 4018
3477 573
7819 94
1639 5771
3295 3068
35 2988
5498 6611
4162 3102
7706 7989
7480 5519
46 7235
5427 75
1183 915
3773 1331
4536 6311
1703 909
7972 2822
7912 7003
558 763
1629 3853
3830 1663
6840 541
5917 2215
1285 4835
7846 8764
7997 7891
7212 4636
5608 6037
3193 7023
5010 7728
2190 4355
6279 1374
7176 5403
6019 7733
6165 5291
2798 7638
4596 7281
5821 1725
708 7105
6560 6196
7081 3412
5299 3148
5690 8549
397 95
4428 5406
5465 6617
973 2956
5633 5791
8359 2864
4737 3379
5797 5177
2229 1606
3670 5692
3330 2020
4009 7532
8215 8733
8586 2369
3093 5488
8561 3490
3225 4201
6538 8689
2030 7511
2858 7662
2157 72
8168 6893
3450 5178
926 3322
4426 2238
226 7755
1901 1878
4143 1328
1823 3941
1340 4915
7072 1113
6047 1509
2956 3798
1411 2628
164 4268
7932 2320
4339 7312
6856 5431
1345 5424
6395 3413
5304 4264
24 7204
6141 4166
6175 5606
5749 5157
1733 4033
6269 5423
5542 6867
6863 6952
707 4669
75 8638
4631 4413
4805 2699
7486 6150
5765 5094
7205 2282
7000 7228
7128 4353
2606 4515
1171 5998
884 546
1243 4795
3611 6784
2874 1686
2591 1223
6354 2665
1073 2198
4720 5878
2539 3419
883 5947
6155 8087
5871 4367
4171 4211
6362 6776
6369 5175
3986 7252
3363 2872
903 6974
868 1419
6302 3459
2642 3869
3766 3714
3709 8486
7234 3890
760 5759
7479 6914
2702 4562
136 6872
8773 4140
2503 3997
527 4132
2461 1532
7003 1006
8505 5513
2425 6020
184 5066
7531 1593
6422 95
1291 2512
1627 2050
8270 319
6606 8614
2523 4384
6698 151
8523 414
4147 6692
4545 4251
8223 403
5256 5584
5915 7680
459 3742
1601 5632
5334 8023
5726 6624
8177 4995
6316 7659
2956 1777
5129 5479
6160 3039
5629 3538
1095 7419
7872 3282
2882 4950
3684 5780
1746 812
4673 8634
4553 3916
5478 1099
794 59
5365 183
2697 2893
5485 5652
2312 1826
2343 8471
2507 5615
864 3602
1889 8735
6883 2413
2540 8210
8192 1929
234 1720
1775 2429
5636 4896
3527 6429
4954 6534
4255 7650
7069 952
2158 593
420 2143
276 2926
5400 7569
4170 7288
5159 8696
913 7698
8118 6748
839 8351
8467 257
1992 2958
5152 3161
7030 7748
907 2497
4254 7975
1091 6411
6210 1510
8553 6485
2078 5166
2909 6248
1309 8067
6156 8652
6977 3129
6612 5459
2692 6291
5715 2326
462 2079
3129 5134
1039 1678
7630 5292
7295 6363
558 4717
5515 6754
57 7592
3132 2965
2695 2083
2244 6493
1947 6863
834 8558
3534 1168
3705 461
3493 1809
182 4264
6942 1221
3584 5784
4155 2091
1002 2356
6807 6516
322 4506
5320 1096
7470 5658
3178 7356
3363 2768
3075 4197
2538 6608
5364 3885
4712 6500
5693 4893
8406 3847
3756 3203
7273 5554
5293 8274
7909 956
6002 8230
5461 178
6968 1787
5835 7788
6785 410
1768 1072
4606 1949
5323 7613
5833 1247
2968 2739
3782 2586
4228 7538
3431 2714
1947 8724
2200 1068
7322 5845
6940 1638
6022 2763
1067 3069
1763 7852
3478 3531
6566 5727
3122 3101
2195 167
1990 5162
548 3415
5390 4776
8595 34
7489 1754
6400 7331
464 2577
4388 5046
4214 1622
7808 5281
4690 7213
1988 5811
1956 8553
393 5077
510 230
2887 142
3034 3434
1199 8423
8209 1006
6099 4553
402 1354
3097 7295
3930 7484
3553 8144
6749 216
2280 2651
7429 4267
6104 7027
1675 4139
960 2184
4368 3846
8756 7401
7279 1167
7037 4344
8603 1991
109 217
3345 3205
7512 4917
8332 8707
4273 6293
136 4195
6586 7564
8461 1546
5803 1349
5684 6762
1175 1265
8250 7573
8665 4385
6383 4557
8728 6198
4191 6479
4057 7535
7327 424
3664 6871
344 5580
2019 6909
987 8604
3328 7091
1362 343
6082 4689
4748 4899
5953 1853
3685 3473
6237 1280
8030 3820
5120 3433
1512 389
8610 51
813 1129
4564 7586
6708 6582
5707 5338
4041 247
3641 3046
7019 935
7734 622
5833 4899
2475 7160
6014 8711
8439 5256
3744 4771
6331 2898
2803 3796
2948 1258
4925 5154
56 2845
2948 3405
5825 6988
1294 678
1246 5955
8042 192
6577 2731
2733 6694
1103 8747
4260 755
2858 8003
3168 6832
8543 3613
1840 346
4870 6764
5499 2568
7252 8446
5972 4289
4290 4908
2610 3178
2076 1864
1013 6295
4594 3745
4201 5697
1347 8460
4094 1848
5319 4904
8679 2717
8517 1731
3063 4599
6138 8561
7167 4602
5863 1994
103 1365
6902 355
2185 6620
2219 3197
1770 4455
4585 5970
7794 5931
3285 743
5421 6246
5647 5312
176 3019
4686 3238
7617 2036
654 3639
6637 6516
3276 4382
5523 7820
4737 7708
5652 4598
2117 7421
265 4344
2246 5702
7918 5530
6444 4551
632 3303
7506 807
3964 3404
1687 2794
5439 2340
4075 931
6499 7350
2955 877
6382 7691
8584 889
1144 8344
8309 7839
3900 8197
4753 3030
2583 2409
5224 3214
3355 3942
1663 7318
7345 992
7754 1639
974 3042
212 7472
8034 3166
8349 5629
8500 5788
4160 856
2987 1325
8694 6887
734 2302
7559 3316
4711 1638
4172 8065
5579 3477
6595 1779
4468 3205
3417 5442
6246 1271
4126 5492
2080 1330
8763 1792
4761 1779
290 7747
3103 6627
3489 3836
141 8691
4795 2494
1541 6609
1771 7120
1299 6009
111 5766
426 1171
2420 4314
84 4189
7448 2163
3161 5067
3954 7921
6845 1887
4524 1160
6156 8012
2638 6296
7915 7432
3 7099
5254 8203
5431 4195
3067 3184
1173 1135
1997 1236
5448 2081
3067 1752
4243 3870
6818 5840
647 4875
7726 5170
3677 2737
2037 6314
245 7595
2602 6677
5906 5498
3736 192
905 4445
1018 8507
5580 3015
7385 8670
2738 8094
1634 6980
3177 6094
4032 1466
8611 613
6635 3500
992 6314
7457 1237
5121 1271
5556 8669
6768 6934
73 5315
2592 1091
2677 8171
1748 1275
5696 4485
581 7330
320 1400
2279 4352
2865 2103
2607 712
3245 3599
4669 1914
2478 1002
827 5676
884 5237
3823 7386
1764 4057
8476 4441
1083 7866
3358 6778
3563 3938
2963 3883
2981 5242
5877 5845
4987 6126
4200 8231
7367 81
7788 7487
1082 8614
2019 8395
2707 3484
6994 4470
7540 4325
6553 8622
3404 7553
4255 4609
2704 7218
6134 5684
1315 866
384 3944
4635 4583
1030 857
4663 30
8344 3388
6287 8005
2995 206
2701 7631
2318 7883
3169 6514
7717 4215
5279 827
6466 5625
8044 1456
164 7001
8751 548
2157 4598
5130 3187
3098 7436
859 297
8466 4788
8301 316
4993 2214
7947 4954
1309 8758
2680 6668
1828 5601
7494 5936
2439 4394
7391 2602
250 7355
792 2407
808 3565
3236 3905
2213 4094
4201 8321
6525 1357
8636 2730
3570 5438
5326 2521
5408 5648
6831 4878
2462 5538
2027 2543
7574 7060
5144 7823
5627 3579
7872 4078
7143 2320
5625 6998
4057 1039
6531 1794
2395 6379
2166 3608
3030 7492
3771 6080
1995 1815
2171 4456
4995 1840
6998 3781
112 998
459 3382
4576 8331
7459 2931
8293 4296
1141 1205
2977 5314
641 3015
2905 450
4265 3577
5584 8035
7300 7578
7492 7113
3247 3699
165 7887
5122 276
97 5581
1300 4672
2767 8758
5245 2272
1910 4028
1120 2529
554 1760
3186 1102
2209 5093
4678 5435
1984 3190
4226 688
1515 5115
4387 8109
4214 7151
6028 4311
3944 7327
6625 6710
4941 726
6625 4493
4753 7744
7021 2950
716 7850
4051 568
4155 6371
6002 6138
7204 7870
4469 6361
4197 6498
5683 8411
4861 2923
1577 18
7892 5844
4370 4045
6569 2207
8537 178
1163 4414
770 8309
3476 4820
89 5273
46 3733
2624 7249
2816 4735
4823 7012
2445 8148
4278 7305
8713 5854
4965 7817
554 548
3075 4765
2754 2824
4942 3917
7237 3354
3438 8355
5816 1169
4841 5862
4901 5107
1966 5359
1054 4431
1227 1141
3791 5504
8445 3716
214 2266
2746 7197
2813 3463
3174 5566
6286 5759
7125 2379
325 1775
8376 6141
586 4429
858 3130
7178 2823
8488 5874
7254 927
7014 2257
4074 4315
3616 1930
6580 6361
339 7035
7466 3512
3813 4964
483 2151
4985 7238
1568 4574
4591 8584
6645 5448
2926 2679
5913 2626
6195 4379
1196 2065
4279 2912
6379 7894
4841 1814
3110 2822
61 1788
6333 1516
4394 4459
1309 7022
2909 2877
451 5142
316 4738
8232 3241
7416 5357
5866 2467
7379 4704
4531 2870
7615 2122
8406 1311
1578 371
4132 1638
2158 8108
3153 4194
3779 4462
2428 4330
4981 521
684 5296
5259 6558
6179 1530
770 3257
3996 8148
5604 8526
8660 2074
8290 8278
3385 1080
8648 5159
360 8448
4479 1156
3855 5900
3260 3925
1442 5883
4446 8555
34 917
3968 6212
89 4738
7111 4085
4098 3927
1466 3971
6001 7399
1104 7028
6121 965
1042 6481
625 5521
5279 2122
276 8538
6047 8148
3276 8135
5558 3309
6694 739
733 6782
5476 7843
8509 7216
626 1188
2399 4269
6229 3503
152 3562
2110 1193
1255 2734
4356 4176
2499 4632
3926 6188
3992 4844
5535 7192
8152 3441
7930 97
7865 2261
5583 7587
690 3851
6417 731
8119 3858
4233 8270
7419 3985
675 6317
4362 5031
1705 6860
7305 3274
4260 152
8117 1007
7343 5125
2090 6486
5221 1167
8746 8446
8753 7078
3509 4025
7809 483
7882 897
8752 4157
4882 7070
1686 456
3313 1033
7315 1830
4306 430
1981 1279
1436 6966
6403 1168
4664 479
8764 2266
138 6373
556 1289
1610 6007
1772 705
6904 8166
4861 2998
6448 4189
3453 973
5221 8410
445 7170
52 68
8448 7917
7034 3706
297 553
4184 273
461 1964
6645 7447
3253 5898
4666 2667
6602 2782
2045 318
3422 6136
2149 6874
7108 7369
6496 5196
5751 4190
2906 3054
3319 1152
6759 1258
8135 2156
1531 8595
1762 5818
7254 2657
2928 3133
5323 7172
3557 5011
5132 6979
2359 7280
2708 7109
3505 417
1160 6898
2249 4066
1165 5568
2860 5566
6825 2207
7721 5998
8445 7126
672 6911
995 1242
7686 3961
6057 2456
184 44
7077 185
7324 997
7293 8471
7843 8453
6581 1305
1374 7745
6872 1876
2167 2552
4083 7530
6193 3740
5868 6864
8293 6863
5748 7192
2036 3017
7290 8649
3061 5579
46 8027
6575 4981
7710 5631
2289 3146
4578 3662
8534 305
5538 1913
2856 7263
655 261
8645 6523
4767 8150
2241 1728
4197 1919
2387 2699
1780 5447
8277 8255
2329 3708
4448 7681
6981 6737
2040 2771
8041 1786
3075 2434
3698 3573
7339 4352
1477 7196
8517 6243
4202 1970
5613 6041
3888 8000
8740 3310
2302 5872
2777 4631
7222 7225
3524 5415
2817 3206
5828 8500
4991 115
2147 8688
1331 698
1896 2807
5537 8055
262 7381
7668 5875
4634 411
2730 4586
3721 5031
8101 4140
7304 6535
2577 2041
806 3036
5246 6633
2749 7880
4391 2538
5423 5721
3235 4961
8527 6414
4229 6431
5007 3109
1161 854
1162 3890
3082 4882
134 38
235 7437
6573 454
7120 5021
1133 1222
2866 3881
314 4899
6418 5736
1832 7295
1910 8001
4922 3781
5645 7571
4532 6805
8424 5693
1908 362
1788 8471
399 8452
4763 4614
6548 3096
847 5323
4317 1356
416 2273
6254 4476
8008 5729
627 7560
2585 3191
2553 8229
1974 7084
3890 8041
3990 3440
6045 3420
3123 6443
727 7885
8700 7274
8623 7189
1453 1795
6187 8298
4067 1297
3987 3288
7025 2256
8490 822
5446 2256
6694 5062
552 1796
1958 2184
2878 8002
5603 6000
3301 3972
2740 856
102 219
8044 1554
2013 5444
1064 6080
6740 2693
7010 2620
4948 6712
1084 8036
6610 7777
4311 4805
7215 3911
6988 1305
3126 1447
4947 4069
5418 5330
4924 5519
3191 1823
7072 5203
4909 8136
138 504
2041 4790
3123 4632
2715 1850
3880 6967
7269 5833
2984 5697
7387 7615
4644 1725
274 7234
3436 3334
1419 6002
6496 4609
5467 2423
7454 1589
1771 7592
2092 1455
3594 2858
3729 3951
4707 5251
2131 3188
2297 2757
6527 896
1584 27
263 8287
4903 1341
477 6321
4985 6972
2142 1664
607 808
3252 21
6042 2987
7905 849
3487 2846
2442 5836
5739 2215
6666 5678
4972 4406
6573 4198
2075 4478
1341 6977
3461 1817
4510 8445
1 4294
1322 7037
2744 2216
4700 8786
5202 3817
7277 8688
4305 931
5736 1257
3146 3615
6934 5760
5663 2363
7600 5380
4483 153
3569 7944
1969 8078
5244 8399
1227 4208
4292 3970
6424 204
3968 481
4021 100
382 5968
1031 3760
4867 1819
5017 3014
5221 8322
3019 4033
4914 7501
4186 8482
4300 3797
5415 7187
1052 6641
2607 5343
8254 243
5546 1077
7154 7209
1177 5178
4390 8637
150 469
8098 2810
1125 4531
8774 4143
6206 4901
500 1604
2238 2442
3044 5296
841 4095
792 1091
650 258
1333 3838
1335 6129
2260 154
2519 4292
3 312
2403 8100
3121 3528
1486 750
5313 7691
5650 5812
6938 5531
5897 1194
2039 6737
5288 473
7827 3580
731 6803
7417 8495
4144 7319
8648 4306
2823 6293
4617 5226
5605 7737
6396 7090
6129 2921
5993 2992
6376 4143
6165 3485
2979 5846
7864 5909
6318 4547
701 4691
205 5761
4398 4348
1935 1901
8653 4758
8193 2125
7626 5010
7504 2877
955 4846
3440 4591
5480 1028
6376 2857
2155 568
8702 1232
4119 3875
3421 4820
8566 3625
8223 4176
5615 1370
6077 3124
3770 3125
5248 251
8135 3965
770 6732
23 4210
2535 5502
2880 6554
8358 5035
4764 5915
3909 95
1002 7329
2557 780
8596 1992
2599 5423
1005 6318
8546 2417
655 5007
311 6432
184 1080
4377 206
5289 4554
3350 8169
2320 2920
2059 7083
6477 3610
7178 5121
8581 947
3544 8389
582 6142
5024 8016
1315 4783
1645 1969
7432 1955
6044 7615
678 1633
5463 5966
3829 6455
2990 3792
587 2691
2087 4706
6300 6907
1039 6093
5497 4582
3337 3721
8366 8361
2949 893
1999 2236
505 643
4191 6548
5900 2511
5823 218
8476 7294
6672 322
2298 4901
3012 2028
7249 6955
147 8287
1903 3286
1725 5240
7006 7733
4813 1167
6269 4454
3403 6773
5096 5236
2176 8638
7746 5641
6498 5077
1790 4382
3041 4088
6925 3696
6115 5386
8293 3904
4885 1408
7190 4252
6647 5408
3198 315
4218 679
4768 5263
5094 7506
1711 4912
4999 7099
8195 2709
1031 1197
4733 1715
2927 2870
3053 254
8255 2558
4158 1996
3965 2560
3890 8255
5610 4730
6212 1040
5408 8623
6302 8144
4984 5655
1911 1196
1609 7748
1547 283
6588 6280
1997 727
362 5049
981 6260
5249 2781
5898 426
5340 1000
6323 8592
5730 3748
845 8780
3583 4789
5780 8566
1657 5333
7404 3265
1937 164
1190 8524
6443 3186
463 4447
5877 7873
8349 2338
1866 5459
407 4848
4102 6729
4653 7474
8119 5497
5109 557
7928 2101
336 797
5077 5382
1705 7013
5545 2894
6749 843
3723 7211
2933 7242
6297 2494
793 5805
5596 1199
1866 910
5570 6518
8383 4902
870 4704
5458 10
4448 3436
7237 737
31 154
5392 3218
690 3353
1704 4412
8206 4636
2867 3358
7129 1302
376 3937
143 2241
2489 5712
8758 8514
8256 7270
4431 2570
7279 6521
6005 3371
4900 3678
3524 1504
4539 1857
4856 6242
3911 4274
8520 4420
5275 4504
5721 5650
8441 3506
7890 8572
431 5503
8299 6329
1628 1585
111 6549
8105 3759
1133 4217
7436 2299
3363 830
4155 8218
4714 8066
1347 4446
3698 6621
163 7062
1126 6246
1780 6658
6030 8640
1016 3184
6182 2643
4768 3935
405 1728
7693 1537
3587 3985
3835 6949
4814 5633
4022 7171
4911 5369
2829 6251
845 2991
4525 1971
6879 3948
6271 4122
1443 7287
4948 5267
1142 7359
415 7976
299 5750
725 1529
947 2203
8477 3404
7835 1355
1787 1601
4366 2258
7851 5210
5249 1232
4823 983
2822 2307
2747 4264
806 7695
744 8377
6266 1158
7566 4207
4550 5933
5735 5497
8135 3068
6543 4825
4422 8329
6425 8787
1799 3132
2852 4690
4363 5318
5673 7184
7624 8419
303 6072
4969 1046
3304 2447
8633 2082
6654 4396
8015 1244
7535 5005
4311 5290
7473 6375
4831 5110
4017 4272
8241 4512
6605 1459
1042 3490
6285 6308
764 6588
1235 5733
5276 4538
8179 2765
4263 3688
7160 3490
4932 3550
6137 6885
52 4822
2116 2525
7575 3775
6796 4671
8286 4613
6130 540
5745 1270
4490 6509
7857 5724
3454 1989
1475 488
4753 5737
1819 768
6869 4393
4317 1861
2490 2011
4326 2248
4535 3113
6023 186
5426 5521
2442 411
3704 8186
1681 8193
3550 7180
5130 4646
381 4247
2777 2776
7626 4595
3543 5707
200 5502
5210 332
7512 748
2580 902
1503 8602
1088 6929
2978 3529
4982 6681
570 6662
3730 1763
2698 6502
6408 721
1961 6827
3497 799
2634 4682
4148 476
7827 7000
808 6551
7748 1030
7453 6893
7274 6183
2677 1464
924 7659
5788 7923
5533 730
898 5873
7231 4949
6594 6834
2988 1303
5275 3265
3627 7065
3740 2666
5277 2190
6860 1880
3219 3168
8773 1705
563 2662
812 7916
7963 6599
7051 2352
7328 5592
8224 3414
1753 6030
1460 2383
4975 6734
5647 6245
5011 7030
123 1500
432 4625
3380 1294
7792 1008
641 8354
1312 1452
7482 488
8050 3389
2839 4233
193 2275
7646 8375
5948 318
1970 2135
7051 5260
8379 917
3502 6145
2417 1576
1982 3439
2869 7417
2089 1153
6983 1043
2604 3321
1530 8297
4352 2011
3742 4544
1929 2601
4131 5519
561 3743
7653 5255
215 4888
6171 3716
8675 6230
2935 8299
7311 3446
6928 7042
4598 2767
8085 7202
6087 7257
4354 1651
481 8095
3837 52
8338 5610
5570 6542
565 2078
3009 780
6965 6822
2138 4495
4265 5072
4007 431
8518 2147
7473 4328
4913 6770
385 8642
2882 4738
7935 3362
1689 2984
1056 1239
8593 6625
7780 371
8703 8431
7580 4523
6466 930
231 8373
3645 4237
16 3375
6383 5131
5345 152
756 3373
6 3638
8110 7941
4642 1011
8567 5698
8680 8373
1178 5315
6386 1093
4959 2821
3259 280
3750 3489
8652 7394
5368 6310
8411 606
297 4969
757 7482
8341 7193
2332 5306
3989 4617
3960 3768
7957 1495
996 347
6809 5024
7870 623
7844 2341
7332 450
3472 4839
5486 6482
5 5110
7087 301
7721 5487
5425 4917
1535 5400
7865 5523
1229 3037
6933 398
2174 5572
7174 6626
8238 6256
4891 4938
6239 3436
5387 7353
8274 2085
5047 5921
4837 3347
3864 1413
6476 502
6329 8010
5901 5407
2388 4772
6086 6963
2812 8260
3747 1198
3741 841
5097 8631
5778 191
3279 20
7544 409
8534 3803
3972 4584
4792 7836
3639 123
8337 1181
8132 3093
4230 8162
7864 7958
6338 1888
5073 7727
728 26
8567 3467
6300 3200
3658 791
3219 2414
7629 2966
3859 457
5192 8651
8292 43
6416 5484
7653 5761
8576 738
2778 7652
8696 328
7182 2624
5698 7909
2650 3120
2589 162
3963 3889
7382 7181
6302 3867
7789 7803
4323 1836
5309 3827
8309 2938
523 7174
8698 6741
7912 331
5605 5463
659 1642
8086 3999
7193 8378
4761 7424
8539 8723
2525 4777
7117 6469
8643 3761
5485 1821
5597 2006
3290 5118
4943 1455
1147 2496
8195 6701
2827 2655
3376 1128
4296 2675
5126 344
2265 1099
7768 8447
7465 1505
4436 3437
7974 1934
7197 2314
1397 1649
4319 4686
4409 475
3783 3199
613 3190
1112 3439
3487 4488
4566 7782
4805 7334
5768 4712
6076 4748
4371 4753
3896 6449
8189 725
6025 4241
3038 7421
3533 4999
962 7941
5473 4744
2352 3729
7933 3464
7167 2632
5594 589
8056 1611
5565 2680
6322 496
7427 8336
2891 178
5997 8722
902 3235
4176 3939
8298 7708
6581 473
4504 909
5216 6856
4637 2005
7962 3017
2279 4768
1248 7978
4021 6812
1870 7985
4951 509
7533 7841
7117 4743
7776 8018
5620 3164
813 5130
8514 7393
5602 4230
8301 8461
8728 4151
8108 5545
4810 1599
1525 3700
789 3188
8154 2658
2386 4317
810 1131
3371 7926
3516 2359
4799 348
3165 5611
5478 2891
1859 8722
4763 7803
6038 4704
3166 5358
1461 5618
6957 629
530 5388
1459 8683
5689 3844
4213 6498
2618 5226
3279 6133
7584 5720
