1241 11302
853 1171
1208 735
358 1131
672 856
1161 29
803 338
1241 502
1025 1239
606 117
451 746
145 415
691 1036
153 4
1233 418
665 108
518 276
1116 484
1010 71
212 278
926 131
306 325
307 143
827 90
141 191
44 429
774 188
682 223
1061 672
226 1053
1089 728
998 366
841 710
687 609
780 898
724 464
867 1029
789 1173
1172 212
1100 1150
402 1143
175 1013
1169 856
1235 988
286 58
637 1213
785 393
175 385
941 861
831 479
356 152
781 1222
1180 166
991 948
377 687
694 616
588 869
387 515
321 380
100 607
275 736
578 898
967 590
1120 666
209 709
982 564
698 521
382 637
686 1210
181 900
655 875
274 2
340 660
354 660
878 453
1104 1152
1027 278
646 752
867 524
176 914
1071 995
236 527
275 456
1001 798
424 1182
457 1079
653 730
918 830
1228 30
248 702
321 1190
450 106
226 1096
695 931
378 708
603 207
461 838
734 735
52 493
130 314
271 586
151 923
74 1068
511 1139
935 597
599 1093
383 1049
1036 608
903 489
297 1118
1196 899
84 416
334 817
988 223
1147 1117
536 177
461 686
937 373
350 45
108 44
479 707
1136 861
352 931
227 1092
178 362
968 1212
1098 1051
224 28
464 1211
251 370
925 786
546 144
69 79
354 418
123 462
299 601
1006 32
220 116
962 285
1045 977
484 771
947 340
581 1008
368 1044
978 456
10 661
1079 393
642 1147
472 834
162 594
1133 460
1033 897
491 11
850 49
133 653
864 616
182 407
956 600
174 1161
241 1151
375 250
408 212
481 887
1197 952
479 1196
142 208
252 1174
1104 581
1185 550
629 76
1202 89
530 1222
496 82
418 669
1 658
416 213
746 661
262 1226
306 55
774 623
9 915
830 261
848 531
841 629
1080 66
542 879
155 1071
697 650
990 1114
1156 828
369 330
1040 1114
990 1140
936 1133
1194 468
352 1203
1220 1020
60 664
309 900
51 1226
803 431
701 957
98 1235
203 1088
1108 117
674 73
284 311
1186 1111
209 718
1003 1240
1023 1192
1039 1001
970 1098
424 1116
594 312
939 156
742 236
950 678
230 1153
362 96
1107 1035
6 150
1183 1191
19 150
505 859
1228 286
648 1025
45 376
882 306
89 234
618 1027
227 1197
21 1015
633 250
764 832
183 629
626 188
616 567
1216 635
555 317
90 541
602 737
324 485
951 1043
790 1039
1115 166
662 1179
1201 682
952 430
770 474
21 790
1103 484
816 477
888 628
949 39
945 1039
579 305
372 741
789 81
380 176
1119 253
179 539
29 138
1059 980
406 425
213 426
1052 1153
747 464
226 393
1092 1013
432 633
648 848
775 1019
185 161
1100 403
336 815
493 514
1192 521
490 1009
260 895
30 310
1158 1081
59 663
142 122
893 1233
1134 83
462 540
769 1236
318 953
155 14
1193 328
828 445
680 616
965 1169
383 1224
660 250
130 576
1169 26
1076 69
148 565
1139 40
486 359
580 13
191 735
803 346
586 755
511 10
1199 1190
626 922
1117 846
743 373
1096 710
786 1023
736 620
929 883
1023 826
760 267
1022 1177
279 1212
508 919
154 1093
432 665
1103 389
613 487
1149 327
91 488
537 1024
1197 82
643 529
539 168
170 320
993 768
586 773
703 864
744 1211
542 735
1062 811
158 761
1038 609
6 783
773 1176
29 68
796 1063
149 36
351 688
203 520
1007 1196
1125 190
565 587
891 1146
556 29
640 214
840 797
975 474
2 818
15 774
590 43
842 145
943 990
180 52
274 382
410 1119
174 293
67 739
879 795
481 31
824 1120
245 260
514 1057
733 515
633 585
48 1223
465 727
1205 166
475 143
218 587
362 627
464 374
757 368
1112 395
1162 189
263 582
68 507
841 419
160 170
933 793
754 818
612 1218
303 575
143 616
555 198
1040 916
662 100
48 177
467 997
409 225
1186 672
645 1091
1016 244
268 1176
252 1038
565 843
453 1176
820 593
509 800
1046 901
835 844
575 255
943 461
431 6
54 840
69 1077
270 713
764 1123
794 1031
1057 883
666 380
485 1118
314 63
307 660
700 112
319 293
793 732
547 495
1030 815
338 921
251 244
757 520
956 279
402 347
1148 55
1229 572
435 310
286 586
210 430
1084 909
541 161
1039 93
730 182
425 356
997 600
36 6
844 792
364 396
908 603
580 814
657 406
1223 929
715 105
112 925
535 1195
430 913
1193 228
843 682
409 1105
875 2
464 910
1087 1145
460 209
137 1206
811 717
778 64
960 598
831 433
702 942
1195 1074
895 384
746 846
449 185
124 695
49 837
697 350
505 542
91 803
588 227
767 1236
781 141
1137 499
738 726
770 199
426 561
31 1158
782 614
601 1068
799 562
522 685
157 1056
872 662
194 962
61 781
1188 827
775 566
805 670
902 302
1234 268
500 256
667 368
173 207
820 773
34 215
1172 393
899 88
207 529
587 400
87 485
1018 1112
1149 389
436 712
896 1176
1013 888
202 109
1144 868
477 1154
913 1134
523 784
107 453
1176 843
378 141
1209 964
378 54
45 154
1003 1193
542 36
664 196
1211 435
922 9
544 824
715 858
574 386
750 1096
1007 694
307 941
295 685
919 100
245 55
1232 290
46 993
241 425
1028 904
620 835
1177 138
844 479
799 155
95 131
378 682
1226 143
134 130
1083 266
652 598
203 734
652 31
1023 697
1023 1102
1121 648
602 337
79 375
313 760
853 1111
914 785
1 1129
63 1064
30 196
1193 950
299 603
306 501
96 795
531 956
88 151
654 1046
636 1094
1221 714
227 292
71 918
161 984
461 1240
710 524
1063 739
557 1014
286 694
214 429
1032 309
1224 160
1102 70
148 515
954 783
205 933
93 431
1224 163
1186 1222
985 406
1221 453
767 1042
1029 1161
652 73
613 865
502 242
1011 322
401 872
391 548
1224 1182
1168 25
873 1098
293 855
20 238
674 842
643 653
1132 6
291 919
1004 942
830 214
566 1169
455 173
249 855
882 477
1240 702
418 1166
726 49
1022 1019
742 879
15 174
479 495
664 207
338 954
1126 100
654 552
313 1057
479 767
1068 565
218 708
1041 216
169 55
140 732
104 1162
509 683
799 361
694 1116
693 116
81 1030
907 1044
968 157
354 39
1052 670
644 878
1234 861
344 872
1077 350
926 1216
920 867
974 25
146 370
386 839
82 916
792 162
705 295
1044 431
452 1235
307 262
664 950
1139 494
570 79
1203 243
267 888
217 1186
351 1029
1048 497
157 30
1173 238
946 562
237 247
856 39
677 66
1112 821
165 534
530 1141
865 937
1220 827
1179 83
311 1233
1106 499
1020 912
833 1014
942 603
10 646
1164 85
892 616
1202 165
520 1072
985 684
202 111
584 1067
1047 400
490 822
482 638
814 184
974 430
1095 566
203 633
1168 50
1116 928
134 766
302 95
768 659
1004 350
102 1206
460 523
869 104
922 1196
763 1241
592 173
183 324
603 36
727 805
507 491
854 381
177 826
1147 317
758 511
975 520
860 914
484 1158
195 1190
1099 1116
1144 458
1115 332
631 1135
494 1233
1171 1220
634 436
470 84
816 484
909 559
638 263
908 210
621 364
1123 942
118 1156
891 1054
1030 793
271 742
1125 901
635 377
892 402
193 122
675 500
205 88
984 952
484 218
1214 150
427 593
514 147
294 469
61 1184
282 928
573 552
428 294
211 901
670 940
1140 701
1061 574
1200 1103
661 780
813 982
998 786
1132 21
1216 242
167 106
710 227
48 991
1155 459
139 179
752 187
1079 19
1126 978
719 783
148 677
645 646
54 54
386 1051
677 114
1071 652
355 1238
757 903
61 643
490 1215
1101 629
153 449
815 1069
467 538
643 1185
1158 790
459 399
194 512
453 580
159 967
693 1229
377 886
1063 972
385 962
211 874
935 70
99 925
518 752
591 823
1127 1233
766 881
782 1062
39 813
170 329
1230 328
54 520
154 269
164 1054
1078 548
774 47
18 306
116 1196
1230 471
706 417
52 429
409 656
68 1028
314 1185
437 484
272 426
649 164
945 802
270 946
615 106
252 147
152 107
290 105
61 279
413 604
533 303
1032 779
796 938
565 1109
881 1002
189 991
24 838
992 968
398 20
672 850
125 761
835 114
867 1124
218 766
1240 630
1207 532
932 998
69 486
532 472
192 171
70 380
999 93
1217 749
898 212
768 166
1061 730
926 492
843 389
375 898
992 373
287 958
742 1056
552 649
139 1083
1120 330
1091 1189
709 849
1119 523
194 775
734 962
940 391
288 462
883 969
688 16
625 439
226 749
1234 806
564 544
213 702
385 91
1031 72
1117 336
920 832
858 952
365 188
510 1142
579 797
200 220
524 887
73 987
1163 136
494 1155
941 895
457 1153
355 679
1081 1223
589 794
156 105
384 1013
1056 586
1039 324
324 376
959 523
595 241
7 505
1065 1007
640 318
921 340
1050 1215
89 2
491 1170
1062 917
722 1217
1021 944
827 836
288 624
1159 612
999 876
972 190
955 816
582 1171
771 99
269 580
1151 358
581 238
124 401
1154 683
215 934
385 1041
366 511
261 121
1122 18
835 690
45 386
265 576
1001 684
505 531
620 612
948 529
807 287
605 930
525 517
209 739
47 594
376 412
942 636
371 660
491 1205
108 373
349 210
948 108
893 50
476 271
661 182
638 226
306 1
993 669
355 1201
166 402
391 380
651 91
853 1021
750 103
822 696
313 1170
905 20
1116 395
69 350
503 567
370 978
792 675
978 543
102 92
502 106
331 731
323 819
821 1175
437 168
36 17
863 349
1187 364
206 899
596 112
7 1099
678 214
835 66
889 410
608 828
339 947
771 507
436 1093
84 1095
1027 520
21 900
375 721
1086 158
1084 50
1056 277
1240 900
134 676
1114 806
579 599
1215 1024
185 150
730 794
656 1003
645 740
694 268
1097 714
1168 230
31 1012
387 953
900 39
1229 898
939 1200
171 811
764 749
168 576
532 190
725 1099
983 1219
698 225
555 151
492 410
702 256
478 733
27 702
444 926
741 269
582 438
227 752
1086 990
98 12
162 629
39 725
486 860
702 1183
1084 15
1171 172
262 632
428 577
1202 454
1117 404
1217 454
510 395
729 736
985 573
322 1082
422 484
307 460
1046 792
78 344
571 999
358 501
1171 457
970 357
872 930
648 747
1171 461
1038 439
855 525
1174 598
935 92
276 115
413 582
574 217
1211 490
560 379
247 755
717 176
1050 445
370 680
1212 1017
23 1141
236 898
176 929
181 1187
123 1115
37 399
1229 450
818 399
504 626
726 1064
1004 973
415 479
986 223
761 115
740 731
969 762
468 1043
418 643
730 436
426 690
309 462
1088 134
749 503
371 12
1128 1096
913 890
665 86
1206 248
309 563
200 1048
52 1168
407 357
807 662
837 133
1098 21
823 3
482 507
1216 1069
1009 183
1080 733
1116 589
219 540
674 21
625 820
583 824
465 634
588 709
828 154
129 423
124 1064
443 946
905 763
50 717
590 896
899 266
388 611
692 606
1150 124
627 371
782 1209
1194 1084
440 541
551 1105
532 517
287 655
178 567
198 1082
88 247
395 515
1142 52
618 126
662 68
570 409
30 1034
617 811
839 570
653 37
948 1041
980 76
316 25
568 493
591 765
171 517
849 565
1031 588
454 408
551 954
313 1120
1200 342
912 575
990 510
1144 401
384 688
38 122
763 354
1225 90
684 575
692 693
929 300
16 718
725 308
963 34
20 35
1154 1219
376 662
390 1204
1171 293
363 314
818 239
273 340
430 257
429 1113
669 958
564 356
1095 418
911 578
725 471
450 582
505 362
559 718
1023 948
680 791
1078 881
942 655
1119 1214
832 307
67 1098
16 573
814 418
928 668
835 436
1083 156
906 291
737 7
490 1133
724 272
677 1
900 514
719 600
1006 434
410 596
578 315
290 593
887 1103
1010 412
367 441
847 209
596 349
337 1170
355 827
1061 916
936 497
916 594
848 231
1031 612
664 199
1045 1241
351 1172
593 1238
871 199
246 1238
478 1092
43 911
37 379
840 391
1205 659
65 899
993 819
89 599
887 1119
1048 310
1156 689
309 103
457 739
99 87
776 344
83 1091
32 1204
760 1147
341 196
296 143
693 199
879 444
855 968
881 500
683 525
809 435
1214 956
538 429
291 474
353 1066
656 435
753 525
235 272
431 414
467 726
556 1159
762 31
200 213
836 1080
713 278
363 118
550 173
911 1087
440 1202
320 792
864 813
1065 376
96 58
485 526
471 951
1090 864
707 610
733 906
661 327
582 132
442 944
87 992
955 836
675 153
796 832
944 256
403 605
469 499
501 953
1024 809
501 710
432 1045
79 1164
709 577
87 1128
708 529
830 632
279 543
226 791
533 859
382 236
953 784
678 180
1120 1178
971 903
746 68
209 1015
1112 125
775 417
701 861
303 5
1227 970
637 264
110 700
1055 642
156 33
715 1108
816 152
1125 695
1167 854
194 509
759 402
282 467
527 894
883 1227
352 1023
1232 337
590 465
439 699
1164 90
1178 78
122 652
1023 775
641 907
66 566
357 259
1075 1116
499 1194
341 863
847 1062
848 1036
681 676
131 1108
978 407
565 901
496 502
816 455
991 436
1230 390
101 54
955 457
151 788
169 649
579 348
108 184
168 955
1057 686
228 1187
553 1205
191 955
702 686
215 115
979 1205
550 967
353 488
858 1146
944 846
530 951
91 1108
57 198
1129 62
991 944
747 1218
728 1137
1019 918
851 480
200 1065
432 1178
867 981
741 1057
227 196
961 1008
1041 88
717 1132
1195 611
1167 1083
672 916
785 16
730 271
1152 508
1026 761
825 1226
423 15
1162 1127
833 662
942 897
857 500
663 494
587 1218
384 378
425 310
219 1097
1063 842
1112 552
950 860
897 735
380 480
719 802
332 477
687 1164
976 225
819 591
562 78
923 986
1133 65
1202 317
212 179
10 1113
858 959
423 405
577 78
1139 956
395 454
354 726
930 878
486 503
941 1142
1093 99
1219 774
1085 949
677 1045
1103 726
1061 1112
597 516
829 857
920 2
772 655
958 1004
946 1149
488 472
624 811
974 323
711 826
421 527
196 102
234 710
984 95
33 642
1044 467
1157 469
83 673
470 692
86 24
455 1031
1011 780
261 393
350 1235
715 1060
657 973
345 690
1075 416
1238 817
348 29
55 1229
495 1211
456 415
642 764
945 565
787 158
354 556
937 453
786 1124
284 259
943 940
1070 1125
226 903
138 222
316 323
88 371
311 421
178 604
835 820
126 538
1222 751
533 335
1144 67
625 689
1190 908
785 891
444 613
613 507
274 588
567 428
910 654
798 1220
1074 975
583 506
391 708
881 372
55 173
544 1199
239 1006
646 187
510 189
916 953
802 125
56 913
712 622
99 380
35 734
197 946
306 779
210 534
83 929
743 138
1101 1124
95 1177
888 578
1201 156
766 713
946 164
837 1002
1077 145
382 1013
525 254
344 721
1200 649
96 6
1020 178
934 522
153 631
404 247
566 51
824 526
44 187
1238 828
350 672
588 23
816 807
874 1178
1061 1217
495 857
462 590
700 240
606 393
761 758
1023 1003
1005 186
1053 425
549 934
611 383
520 799
1054 945
659 467
511 129
403 168
104 736
862 403
84 320
643 689
712 1241
44 332
1002 1048
355 651
69 903
182 518
44 701
1154 1098
405 571
161 753
700 401
920 641
1136 540
882 1220
697 283
505 168
120 548
337 960
192 691
369 99
352 388
616 233
1089 528
1168 90
936 87
842 232
488 358
711 382
735 351
198 190
471 541
195 428
926 531
146 956
1059 353
1054 7
740 428
240 425
793 166
514 325
91 114
557 578
309 1105
797 1043
214 995
1233 522
132 186
949 1057
555 1095
771 372
44 583
217 783
848 456
1208 237
459 480
562 549
432 956
964 740
819 520
542 870
111 371
150 242
556 1098
57 1110
789 666
79 832
7 295
212 693
588 178
929 884
495 87
192 764
880 993
263 295
271 642
1164 381
1012 1151
622 164
846 517
1112 393
1182 1028
1063 1026
1160 33
477 344
48 3
1227 542
89 15
65 969
1008 165
22 37
644 1024
256 252
933 715
415 375
1069 123
606 1009
1150 427
632 906
297 1108
8 344
1110 1073
885 1037
1087 787
602 691
789 623
566 191
243 821
442 1176
132 695
147 1201
817 752
806 564
1016 196
66 71
1142 74
414 848
1146 1137
643 829
520 3
279 68
464 682
258 706
261 538
478 230
1232 625
189 645
1214 833
1208 989
1028 33
1059 928
1185 70
535 927
1044 1015
352 160
1018 630
227 78
70 323
783 168
860 1099
236 688
320 424
91 292
1094 1137
39 881
1007 936
405 788
843 777
473 483
551 824
642 165
51 707
80 1199
867 700
1205 323
557 199
1010 876
460 938
1168 313
833 1044
1031 436
738 32
1223 177
809 292
659 1197
1116 60
1199 1004
604 37
799 229
736 600
551 1131
636 157
765 1096
1094 529
5 686
332 873
959 907
904 941
922 471
1232 339
426 944
236 221
706 839
257 102
1067 831
701 214
720 96
370 81
1029 223
610 871
746 779
502 463
282 164
1241 1203
473 1232
139 736
934 374
957 237
1213 1213
176 876
640 876
928 118
809 1135
199 434
116 646
63 699
21 402
1000 302
566 999
102 1038
989 240
532 520
613 247
756 422
57 931
1136 534
403 660
652 1050
553 688
80 669
92 1222
1205 112
382 963
251 785
559 352
581 306
591 951
663 1042
1035 177
60 929
945 1033
222 1186
451 711
994 1004
157 1073
269 86
1053 232
35 32
1033 123
816 350
475 1235
493 903
944 1156
541 575
1170 601
263 874
392 484
818 843
1032 408
443 1026
77 711
1111 968
942 983
999 571
1105 573
758 176
566 10
917 106
1003 216
681 931
654 781
401 884
1102 1056
323 892
222 765
676 137
234 383
1104 1013
124 861
181 1066
30 938
1080 434
947 755
539 546
808 1057
236 59
596 474
942 456
289 1102
106 348
463 619
484 534
1001 184
143 962
1044 323
787 1074
20 463
266 804
109 621
458 182
517 1053
655 55
106 781
1156 211
967 377
830 47
748 427
231 891
148 1112
1213 772
944 1070
1234 1047
633 1047
448 579
264 743
760 781
392 11
835 497
630 588
546 193
802 1213
239 309
398 307
1037 545
178 1008
75 959
675 1146
603 66
789 888
644 1053
389 1241
430 780
1089 23
1115 477
448 419
669 9
390 746
155 787
1052 1191
1170 1067
795 1082
785 228
987 1225
131 534
871 612
183 18
611 612
635 297
473 346
773 920
764 39
766 991
622 920
375 270
707 303
96 99
143 718
326 967
701 295
98 330
906 280
185 114
892 657
410 123
1003 1182
880 363
1058 405
113 438
1162 325
708 466
627 641
564 607
1196 727
171 493
1021 268
822 686
547 844
799 197
97 1046
157 1099
824 875
221 641
1117 171
916 1037
495 220
99 959
860 500
324 652
1227 332
1144 1006
599 562
288 1146
164 924
1180 261
728 1175
1197 311
808 176
789 683
346 463
316 678
521 415
395 139
914 719
791 737
888 531
340 246
1093 627
1229 15
148 1167
113 713
938 69
1023 504
82 408
1186 266
709 99
943 1229
351 1176
1205 23
491 592
598 137
1123 937
382 974
160 369
826 307
133 939
858 1070
845 639
171 764
885 1194
867 352
51 407
339 401
341 302
262 831
894 859
967 775
392 108
345 389
314 1170
534 284
705 150
113 146
626 121
910 269
73 373
620 1203
779 796
362 1119
936 461
708 426
1157 272
1038 307
217 141
534 530
69 1067
814 612
1216 764
757 600
722 263
707 794
636 1164
755 173
719 955
51 251
174 596
676 90
867 472
234 1083
612 767
210 518
592 861
1129 404
221 645
907 307
494 301
229 1087
312 785
800 200
1035 973
795 469
900 259
940 1134
1179 148
659 147
666 1089
1007 391
251 1227
1035 1092
927 539
157 18
677 224
1104 988
1008 500
1187 802
231 579
29 1131
675 807
861 612
792 278
759 216
1204 362
607 214
186 238
1143 950
614 59
967 50
282 667
875 48
1166 659
687 1235
1075 554
962 508
119 581
1119 910
696 474
964 659
836 167
710 859
404 611
567 1018
669 131
905 788
635 538
674 398
1034 119
391 867
510 111
133 466
691 1090
1214 1224
322 936
641 995
940 109
612 102
720 1017
957 1226
985 458
611 378
834 43
775 626
1240 1003
90 509
1113 60
812 400
1149 784
383 230
478 861
1062 176
970 271
116 286
1125 910
108 868
1206 718
1083 798
598 617
20 435
378 1188
781 88
7 351
487 1155
1135 707
1222 209
327 1043
385 1134
1151 338
178 1034
1085 123
660 1049
679 501
443 35
955 301
307 1171
247 1087
17 253
197 341
5 90
1048 1226
136 1212
865 358
1104 774
695 1119
566 377
1079 1063
22 516
161 465
551 1115
603 695
1044 849
541 898
940 575
1239 944
502 883
766 637
691 390
995 553
1001 448
268 164
662 105
1226 684
621 1224
986 1009
1098 347
462 738
1033 840
395 569
173 230
109 674
950 875
70 399
1102 1064
789 699
108 1056
862 770
998 685
50 215
667 1035
1223 361
140 282
937 1010
959 1169
338 1132
157 446
564 944
1158 471
101 856
131 889
314 239
541 1013
846 297
456 895
512 961
688 331
1159 665
450 854
433 168
781 608
1137 775
1054 297
477 970
768 415
423 898
1141 736
974 440
507 578
575 801
69 924
520 594
13 437
17 301
1129 288
306 668
895 201
40 545
497 354
112 23
607 534
759 506
28 491
946 534
907 117
93 975
1040 450
166 890
725 182
1190 612
307 254
1117 1202
292 994
343 789
107 454
649 713
987 166
1056 852
495 760
145 160
714 75
972 512
363 1137
161 1087
1157 109
295 222
201 8
20 492
1002 363
1118 946
816 526
255 400
529 69
10 1023
667 1233
1020 139
1146 589
651 267
322 811
1191 237
757 82
297 795
89 316
46 928
516 1163
632 1170
285 724
328 814
793 337
433 218
167 212
194 71
638 682
175 959
251 124
1034 846
43 89
399 1210
242 282
897 758
42 125
686 326
849 851
977 238
1187 169
293 112
218 486
20 693
1168 194
410 15
155 202
698 197
290 935
166 532
1216 900
1127 1095
1024 571
180 469
180 994
706 1204
1000 836
1154 1217
81 1173
668 1086
1205 916
1100 118
1117 395
88 318
373 62
1055 258
995 675
666 1012
1144 683
764 446
483 523
41 233
336 1200
3 1004
1044 1207
516 740
83 391
1134 235
232 1059
390 604
959 41
699 712
716 123
482 618
643 4
901 1126
364 941
1196 700
737 1198
300 539
1163 815
1117 1084
1205 847
1156 196
665 143
637 220
183 95
931 898
55 171
112 698
12 1013
420 376
550 374
1075 46
331 133
422 252
947 135
94 748
820 1088
781 81
1230 177
300 171
109 1230
1069 163
1238 1180
860 8
789 1117
221 98
250 54
1222 580
24 240
669 808
375 601
153 1032
447 933
1112 435
947 170
605 1055
158 270
1218 154
47 674
1240 835
550 220
770 799
111 588
1216 135
828 481
780 1040
1081 932
830 124
462 700
558 5
869 1001
1060 864
29 874
855 1154
306 853
748 855
1072 114
250 1021
702 62
1155 126
543 531
1003 220
60 591
344 521
1128 901
525 593
498 181
53 365
1054 907
277 1198
356 862
649 25
814 737
1045 274
798 796
237 99
85 1239
319 144
426 500
664 150
159 1027
580 495
1045 632
697 858
135 973
652 490
432 59
514 4
795 317
115 190
1112 351
288 1197
186 444
1178 611
943 439
760 940
224 1177
31 27
567 727
722 701
458 1211
1190 727
29 301
730 661
455 844
850 326
1194 976
119 1217
16 1134
586 797
331 1183
333 554
1118 363
419 281
1089 978
981 143
948 768
870 814
1068 196
233 119
1040 921
444 830
493 400
806 346
293 1229
1142 461
1171 71
853 885
433 30
1166 118
845 743
99 551
107 968
1202 1174
1001 32
1131 799
952 171
226 41
571 869
386 701
856 125
999 623
195 610
105 466
477 1108
583 81
609 681
469 716
245 430
486 5
461 375
641 9
546 704
1128 954
331 110
251 1025
234 8
406 267
618 348
732 1094
214 1152
1012 823
430 78
135 674
507 458
516 805
671 995
651 1216
457 537
766 626
646 1016
409 718
861 652
984 75
1000 312
1007 1213
60 777
632 489
854 766
1163 1198
1062 275
599 491
28 8
465 323
382 1068
948 866
680 1194
342 299
604 1163
212 362
71 1218
172 130
591 803
619 204
166 540
1239 1227
652 435
476 680
280 778
840 662
442 546
286 1121
498 465
16 939
386 227
1139 456
203 69
585 794
709 1203
835 874
339 670
697 829
942 1010
267 1222
384 1106
480 825
248 765
704 583
1229 558
280 211
622 15
666 825
83 1088
215 792
888 887
262 1064
153 959
651 1095
727 755
913 1111
457 151
694 704
915 1236
1124 740
390 1
950 1011
15 212
432 98
1137 484
727 783
1208 988
606 120
705 15
1052 29
608 723
977 1064
873 267
365 384
261 247
1123 488
247 669
258 100
718 527
35 613
1011 761
155 977
507 598
934 1050
450 744
916 1057
63 651
880 935
917 1082
77 1016
87 1037
262 172
302 357
109 1019
884 143
229 491
903 383
64 6
818 836
893 26
176 567
921 239
1217 397
1011 893
237 926
505 161
559 766
332 861
961 440
476 441
420 704
769 81
1086 832
1166 500
264 817
364 440
143 43
516 1197
439 285
686 675
1048 1190
673 366
553 1005
1226 272
41 460
550 461
1164 77
379 846
746 303
1184 1010
958 306
208 1100
348 561
893 786
845 338
57 652
124 729
1017 514
330 839
623 209
1136 1172
507 896
7 723
501 753
1026 443
359 742
748 404
438 933
964 89
315 405
264 209
894 226
775 507
739 1105
104 121
1151 1078
51 254
732 1137
976 1232
486 760
271 844
98 856
1085 373
547 807
300 699
1211 401
907 702
626 441
1208 124
142 1150
82 51
986 1211
304 476
1106 1117
305 350
636 413
1031 571
1107 874
944 250
277 2
949 85
402 614
786 866
892 752
827 1033
498 908
921 242
877 1062
556 580
938 860
767 170
1110 557
740 975
27 280
1225 304
119 932
388 521
142 1011
1224 1034
359 809
825 857
475 343
936 1189
163 250
365 1100
947 1132
28 816
285 606
549 311
885 532
452 842
60 677
1200 202
446 1182
1073 805
749 656
420 1061
836 114
846 999
202 1211
695 1148
1101 723
722 1223
1166 1109
130 647
237 582
247 297
17 205
336 301
145 167
1105 731
660 121
388 255
72 1234
1091 273
1203 544
18 900
1104 577
719 1028
444 848
272 681
188 518
815 43
561 988
181 705
1154 1123
33 410
2 420
502 1152
412 351
22 211
733 39
948 595
615 425
220 897
1111 491
336 1136
846 988
1178 165
734 117
708 484
1239 740
731 1078
1159 1233
827 168
180 848
216 912
724 1002
104 1176
23 323
831 1133
651 1004
1028 255
588 802
420 80
757 1127
401 754
463 1132
429 218
961 1093
223 1140
699 439
649 19
37 752
1032 59
1074 622
1192 483
222 816
575 810
376 994
727 1132
717 1128
483 1017
1018 749
1235 737
600 216
473 1136
492 1121
992 528
469 782
425 139
1241 213
459 222
1028 1034
869 1241
624 354
970 100
240 49
954 1095
797 947
428 1234
1001 901
966 89
618 716
455 925
256 879
1063 94
929 281
315 715
73 1183
552 696
133 280
633 373
166 184
64 962
1130 492
792 727
151 516
654 606
1231 1108
289 84
583 1190
177 270
229 329
822 139
108 132
672 240
250 1143
450 415
85 514
1215 1052
1005 603
376 993
1119 1029
195 946
733 484
1029 74
432 1043
181 498
130 1002
474 75
971 1145
315 1220
1046 764
232 968
36 43
779 878
645 1154
629 360
779 824
65 270
1145 931
343 173
571 523
508 538
121 981
613 1091
884 765
908 527
125 977
253 1240
1019 869
876 260
619 102
458 156
925 360
425 666
1128 605
838 457
965 104
833 1085
922 204
935 564
806 439
928 930
174 1019
928 1030
484 563
1127 1103
664 343
1096 185
540 280
850 427
722 284
883 446
225 474
127 1146
515 899
306 79
96 1234
847 107
849 533
1136 91
1095 860
1193 355
1202 1048
377 501
1165 1226
927 483
106 406
766 330
718 893
72 1070
388 378
987 484
208 592
590 1056
1124 323
1146 816
1182 936
1170 980
580 306
77 341
128 841
823 72
1085 348
401 561
1078 311
389 224
688 134
545 895
563 973
547 446
54 289
20 1073
1224 1027
811 400
1170 888
740 1136
325 160
1207 168
507 204
566 181
514 955
242 1201
926 787
692 248
518 1076
531 571
124 388
240 1185
173 1050
344 1181
534 1083
1075 697
1080 1040
864 345
1081 189
363 354
981 605
151 503
150 843
588 505
677 1118
913 638
264 1152
582 275
798 763
52 1170
442 1126
625 281
762 247
463 601
273 826
954 12
27 1105
353 14
544 940
518 1058
655 189
293 756
1178 874
1030 734
233 1081
662 674
803 45
954 161
130 176
762 402
1001 312
252 1027
13 604
878 394
302 154
49 794
180 341
309 116
1052 1176
849 43
854 270
716 415
152 429
576 119
604 1175
521 201
83 610
1065 1175
1213 701
327 111
854 375
905 1033
715 1213
986 525
1147 593
567 759
700 42
1012 690
308 184
808 911
117 1166
949 37
534 610
1211 505
69 135
616 760
509 117
389 1062
88 133
345 1072
725 750
590 22
629 198
711 936
381 115
443 335
40 1229
371 573
597 179
1078 665
313 290
21 821
406 409
479 331
379 824
161 941
170 750
962 798
947 269
330 1165
384 610
258 423
597 467
995 1193
645 669
454 957
796 474
374 1201
720 853
290 1098
273 451
635 280
1038 356
915 582
462 3
505 845
612 601
1105 1046
1067 697
835 470
124 47
23 920
358 396
717 915
1086 1007
609 1196
54 2
234 1091
357 1148
269 657
988 774
98 196
133 1203
1241 1037
658 834
265 619
718 287
297 1075
520 1014
586 203
617 1194
157 670
1196 229
357 149
135 626
805 961
1237 903
1156 1207
864 994
1002 118
424 25
736 1142
149 871
813 506
481 158
546 1097
110 703
363 64
769 557
51 903
1020 855
460 1015
354 375
980 1055
127 578
1172 550
440 505
288 426
134 1101
932 614
1096 236
307 1043
776 507
945 303
1063 995
1044 842
608 262
615 800
474 192
613 600
769 544
988 1209
1048 1113
393 1019
810 1162
391 664
1236 535
466 608
1041 169
749 862
1001 551
462 205
650 915
1004 1124
944 376
320 309
757 1145
114 563
1017 345
178 585
265 568
1087 97
1102 311
705 901
317 212
359 76
600 659
280 8
170 43
969 1113
256 48
180 1012
1030 132
171 805
476 348
1228 578
753 1073
675 451
142 1217
110 296
25 306
209 624
964 326
469 1133
206 35
842 461
1161 860
69 949
991 239
351 225
424 337
802 1176
168 73
385 147
48 332
442 1151
638 488
371 198
813 678
1169 1019
712 769
76 631
387 145
176 136
221 526
360 645
862 1000
417 1029
1072 802
1175 958
971 213
867 205
538 1238
403 110
674 330
966 1223
936 1041
450 82
1185 625
217 165
1151 415
809 609
11 1225
397 920
623 168
636 353
219 100
395 756
96 797
703 607
964 427
588 659
227 1037
578 8
258 632
172 167
884 818
776 894
640 1010
573 1100
1015 1046
211 1233
1145 444
586 1078
1240 1126
443 801
312 868
56 376
501 633
383 759
1102 555
763 745
1210 135
397 608
982 807
467 756
612 515
585 515
958 1008
352 795
893 632
192 1204
97 247
338 597
717 558
1193 577
950 553
1159 919
525 315
123 266
959 427
859 329
942 202
682 496
1048 871
1128 699
261 78
499 195
162 674
630 878
1231 581
52 940
971 1210
617 255
121 577
358 1080
1004 1216
5 542
14 686
1037 1061
153 762
518 414
839 1016
446 839
286 1075
475 276
253 364
1215 1223
333 428
74 291
1004 431
1208 604
243 1213
1145 257
495 779
1155 648
299 270
899 975
1123 103
410 168
1178 723
443 27
1086 254
8 15
681 1161
306 281
188 110
885 431
81 626
525 576
1 276
1061 137
545 718
950 427
658 118
594 432
840 1036
458 685
48 304
537 566
223 680
846 248
790 327
516 870
791 1040
42 791
75 1102
928 457
416 636
883 1074
753 235
102 352
29 560
874 1155
863 169
479 923
849 1163
1170 397
86 283
1104 876
81 984
426 1234
844 1191
450 1098
585 91
768 1175
164 869
123 30
25 996
1185 725
1003 260
244 448
181 11
682 105
293 544
980 211
286 2
204 968
1192 491
662 373
419 188
307 582
894 267
450 919
1101 393
240 862
490 484
1147 509
494 587
613 786
968 351
996 13
191 1037
818 141
124 238
514 543
263 658
962 1156
762 170
671 621
400 749
79 890
1232 1063
157 322
408 769
945 135
957 699
1226 1147
333 640
1126 456
877 236
836 977
731 557
891 251
564 159
710 964
907 626
450 735
448 444
1056 855
1050 597
827 765
54 811
509 224
209 393
680 923
466 112
658 1196
668 146
205 1070
142 752
630 886
137 1079
217 584
281 1110
35 89
465 862
691 356
269 1199
580 316
188 1097
1076 653
1208 493
607 473
476 650
301 617
160 930
99 134
605 315
717 885
183 752
973 647
210 422
1002 478
218 340
793 405
33 628
896 1241
958 99
310 30
748 610
646 746
136 744
717 740
1058 193
383 1078
782 1193
483 991
211 243
227 428
421 858
671 453
82 163
290 877
261 599
906 847
1046 148
189 1181
729 905
517 383
1097 737
219 475
688 701
224 737
781 289
1002 1039
984 269
89 1065
431 378
538 692
815 202
135 619
349 323
397 1077
1227 913
218 921
409 274
154 934
812 216
267 351
504 28
1228 246
296 75
1148 727
452 444
15 1104
483 149
482 669
471 878
342 294
387 397
1214 795
670 1206
326 240
180 592
428 521
619 414
766 753
488 510
238 778
953 90
640 194
238 959
700 546
595 1041
839 820
196 650
373 865
614 536
942 631
1128 128
1151 343
542 513
933 1029
1022 1170
403 571
1097 1043
602 93
760 60
638 1193
1100 74
771 1133
723 981
756 1174
114 456
401 1079
583 310
180 962
660 951
750 278
717 1152
848 573
791 46
503 148
105 1141
1178 1042
1052 545
933 533
122 285
303 235
578 703
72 998
850 90
719 268
1040 65
383 515
1054 1068
1087 604
1113 349
589 1055
86 363
693 975
907 222
266 1028
506 406
22 921
1108 1172
677 716
20 154
821 897
56 1203
171 1110
1029 1095
310 738
202 898
389 125
19 1081
1099 763
61 1202
549 404
366 408
83 70
177 597
623 196
751 40
1093 644
1080 1101
512 867
954 821
201 994
315 589
956 171
428 814
933 326
612 79
729 816
324 811
885 500
167 105
534 755
144 223
157 1224
82 507
687 873
1165 888
625 239
73 178
409 501
991 1180
17 152
1014 178
800 658
678 804
600 1049
317 743
30 312
725 111
656 171
821 579
896 43
817 968
220 1064
65 1048
1002 729
5 856
718 1019
1033 276
273 307
1080 872
114 1234
373 143
142 936
91 797
1106 750
135 598
792 951
324 1011
611 227
817 371
793 821
1064 269
436 856
382 708
1000 220
338 1114
213 549
1094 354
243 1185
989 1186
693 1123
542 81
670 703
1091 40
767 504
248 318
1162 71
424 357
926 806
1064 684
1025 1240
394 1075
385 247
26 465
28 1014
409 558
733 788
638 161
87 325
38 854
828 286
1009 748
356 192
942 1119
997 603
399 618
439 793
452 823
877 315
46 904
1166 292
220 657
1079 695
655 1003
1019 693
615 443
978 383
1028 92
412 729
1048 167
1169 205
622 366
835 911
1026 470
1225 909
132 1149
1200 189
402 875
721 1057
636 336
508 1089
616 244
68 403
173 479
969 1220
483 896
21 942
1099 856
612 883
84 595
550 54
341 346
80 742
1220 639
557 452
974 1064
137 349
1145 204
589 1155
520 316
971 840
1049 992
541 744
444 1152
223 365
343 772
256 521
955 336
22 933
974 416
1222 544
77 118
730 1059
159 77
973 679
230 702
115 1116
290 655
618 733
403 840
936 746
208 1191
25 1162
123 1125
691 934
138 510
237 214
627 966
31 623
1043 841
60 1110
302 13
985 429
667 199
1000 1070
1039 694
412 1084
643 274
843 766
1237 292
458 133
639 532
346 1103
95 214
485 1137
1055 382
843 1194
394 586
381 1061
785 139
727 420
832 976
262 72
8 1104
675 1082
1234 970
1214 631
261 156
493 355
370 815
88 183
1196 930
1214 349
113 353
6 897
492 732
1154 1161
304 12
1070 149
1116 503
1231 946
70 1203
173 330
118 503
522 325
76 447
507 31
1214 317
217 85
669 222
819 998
791 569
756 1094
581 584
1 293
925 1069
1238 994
1031 7
1161 986
510 279
69 585
725 413
453 535
729 669
890 35
992 277
604 506
1208 1022
927 1209
73 610
874 1148
362 663
1154 119
245 422
397 313
845 1121
725 56
415 50
725 710
44 211
744 1035
488 1185
137 454
803 1063
259 875
270 1133
781 469
392 694
588 637
953 984
949 556
702 271
612 954
320 95
422 201
305 1003
1235 630
785 1209
1084 346
869 1180
1221 1138
1071 760
203 222
50 790
696 1003
371 403
317 1072
511 766
784 669
860 1043
869 1003
804 701
229 347
668 1150
693 133
1089 510
29 756
1107 232
815 1157
859 269
756 1229
510 910
897 1020
435 277
285 1132
78 1154
893 720
451 960
1066 1118
868 355
10 715
864 1117
230 568
1186 882
483 804
1151 1076
629 257
744 285
35 1016
561 158
907 477
70 558
1196 520
276 858
234 982
1051 81
455 511
1036 522
1078 980
163 157
380 1151
1232 847
166 573
969 38
347 288
195 12
602 102
408 394
459 521
11 693
261 1061
611 554
330 405
1075 5
1223 1075
161 199
984 1231
1045 987
562 772
1025 746
898 1057
758 96
1159 1003
490 376
282 500
906 543
157 276
1096 324
518 767
328 337
439 327
536 19
316 177
1006 715
949 627
219 443
442 814
538 197
575 1027
573 857
123 237
1237 279
350 929
441 868
292 606
1204 730
932 336
749 1085
513 351
558 58
815 615
500 15
187 875
212 762
499 622
215 621
858 48
738 1046
814 1016
510 1105
380 310
432 71
646 1018
1155 996
1206 310
1053 779
924 149
793 948
1023 842
306 118
222 358
739 918
405 73
560 1056
1088 1069
758 226
1216 1189
134 620
803 1127
212 767
195 23
304 956
9 934
662 870
535 806
987 756
1163 484
270 165
394 829
1220 240
656 736
304 469
521 437
1088 82
322 1138
848 354
1160 989
68 1007
682 568
635 1216
1211 380
568 970
702 676
1134 1095
263 951
1173 757
283 235
1225 804
671 909
723 831
805 168
1022 562
1156 1090
327 596
254 961
408 61
99 976
1030 638
248 923
492 510
470 423
1104 752
495 1087
152 1003
593 875
592 156
880 373
555 794
59 719
149 150
438 394
210 375
1207 1239
1012 213
758 100
723 1065
360 585
576 854
269 565
616 699
198 1045
854 1077
176 6
468 72
724 454
59 1000
847 106
1212 813
1183 820
1025 699
920 344
361 38
767 936
730 873
259 104
330 295
1148 1021
1209 1162
1026 273
1071 347
726 1130
105 170
1235 1154
982 1176
732 603
472 410
947 832
286 310
364 1015
1182 460
956 270
592 862
1128 398
620 913
670 450
1097 1234
176 1201
162 7
1113 1143
1183 441
342 251
689 1126
920 974
194 42
585 1213
339 299
241 931
998 128
87 215
878 594
502 733
586 677
530 747
683 239
486 462
679 828
712 126
712 228
937 906
107 118
877 446
254 956
1214 11
921 1138
63 395
490 564
1127 1076
1240 253
419 519
491 905
981 1007
491 289
1133 1202
517 666
704 623
784 178
906 1037
1133 878
885 650
774 947
1044 23
107 767
936 105
1019 1192
624 106
855 201
950 1183
489 679
982 1005
104 444
225 887
621 1130
520 350
605 164
999 137
948 801
1238 1055
326 770
997 1182
721 217
1125 172
417 834
114 906
271 1095
507 374
297 731
1098 756
458 215
1105 1062
216 863
1198 1163
260 1033
814 424
561 408
202 1119
624 86
50 1041
919 163
705 1027
1095 1049
1239 1229
539 1095
743 834
1147 445
654 121
1145 448
1122 1
77 532
424 638
939 464
353 322
549 402
121 64
402 663
1090 93
470 1087
81 846
779 661
438 684
943 929
643 846
1215 523
685 50
1054 1108
525 752
330 878
1073 716
38 1031
779 278
452 466
370 759
149 288
364 765
787 639
46 488
327 688
1172 300
1210 615
349 860
319 874
370 487
510 39
1202 385
1069 578
500 117
881 708
876 1029
995 1077
391 378
474 436
866 638
1123 634
937 1091
7 1124
709 163
594 917
649 1103
955 610
84 621
1025 422
575 664
1129 47
289 720
1123 679
1098 194
1114 722
831 833
114 365
520 1199
247 1067
120 840
742 769
539 293
1216 460
751 999
881 85
259 768
131 385
247 1092
902 103
44 612
662 712
204 613
1076 723
570 1160
548 689
596 1127
54 1134
179 28
191 929
864 1071
851 960
436 820
104 520
670 843
622 551
213 1121
1100 416
492 935
977 1061
691 121
346 46
7 400
1017 23
265 1207
789 1129
875 237
685 69
1056 626
426 322
227 1047
872 440
764 568
693 14
99 266
1074 790
225 16
673 231
415 448
91 680
252 879
405 964
1115 927
1032 767
312 216
1088 376
1100 556
653 622
1124 1184
473 1222
46 143
608 270
158 39
500 411
487 428
928 576
1145 1170
298 856
855 1167
382 1004
1220 228
139 916
622 629
134 504
571 606
322 617
748 930
886 743
968 1224
1153 51
248 839
626 151
767 761
1007 219
686 147
1222 664
212 1198
338 671
586 471
1012 994
914 93
207 420
1022 1093
1163 586
913 1074
637 1160
510 1100
70 35
620 914
253 1143
898 72
566 947
28 741
377 451
1050 147
204 722
239 410
980 1098
99 739
443 1011
571 917
768 918
613 675
953 1232
347 1043
972 3
1114 296
949 1142
874 1163
189 520
69 392
1 145
802 818
2 738
315 282
346 723
1036 1113
400 407
546 1190
236 730
991 1207
570 702
99 115
440 810
37 628
89 105
1020 1168
87 418
744 1167
1155 1058
45 259
539 1080
1209 776
84 351
724 157
1080 474
122 246
1013 58
361 211
867 397
838 793
339 616
719 263
871 221
189 623
1116 233
881 252
72 849
1027 1234
1199 510
149 876
821 270
1121 592
165 240
802 869
474 236
421 650
690 1139
913 319
1198 1101
941 1072
92 419
82 1
1105 1109
1234 900
215 141
534 873
248 252
223 250
491 862
1119 803
935 298
49 383
195 961
702 1230
658 239
1061 588
657 980
426 520
847 419
179 899
397 550
530 483
801 590
732 1130
48 609
691 983
906 739
124 939
297 663
927 954
902 584
138 317
323 564
675 1007
820 691
665 1216
1240 1032
295 800
381 1027
688 266
232 1216
7 1138
551 131
673 847
793 196
398 291
780 373
608 1102
936 1120
867 514
569 128
327 567
1160 621
1204 137
244 650
402 476
462 247
210 1013
377 882
456 1007
1077 691
57 615
1064 502
313 596
380 1018
1110 786
1145 33
111 901
653 1153
875 897
399 1115
1210 861
120 178
470 334
1059 925
99 732
213 155
1185 35
494 256
468 873
32 174
417 1015
206 366
512 859
115 146
352 513
19 158
132 1217
335 601
309 1231
123 407
721 335
400 502
207 893
596 674
363 627
848 617
238 1053
820 750
508 934
733 697
206 589
854 337
564 1026
776 872
1015 898
1116 333
1232 112
834 35
843 188
708 1205
653 152
418 728
1043 1238
236 309
768 806
844 973
153 456
1148 554
79 682
22 1093
176 1138
22 4
1087 694
38 688
719 583
651 130
735 907
696 536
903 769
682 267
334 284
1240 324
578 984
878 656
262 899
345 437
633 367
278 317
1060 153
1004 537
735 252
505 66
1158 1200
439 657
727 1121
923 898
1 759
1222 416
501 858
909 762
353 13
1036 824
217 1151
1140 1114
62 902
409 797
991 751
700 907
709 1139
322 33
856 1083
930 856
600 748
1110 1101
202 777
459 555
627 92
1216 843
1 952
553 63
450 962
697 200
309 155
944 856
52 25
888 907
945 414
360 303
1162 228
1241 122
842 297
514 66
388 326
746 226
36 58
288 486
857 822
523 1165
977 225
779 1028
87 263
532 1031
677 729
1172 435
794 1171
556 394
226 908
459 451
1233 1043
677 28
1100 802
351 715
383 711
638 1197
935 14
821 1022
276 111
649 790
839 579
1062 391
509 215
623 572
1122 919
861 951
720 134
816 578
773 1166
1130 1155
635 365
948 167
378 528
1026 491
638 433
40 74
1012 1101
302 279
74 762
688 1033
278 307
743 997
172 1051
80 60
802 552
262 509
718 639
1036 502
1130 270
935 1007
181 543
704 321
659 616
1082 105
407 118
250 987
953 527
63 1124
336 1221
1021 1138
531 42
243 1087
518 37
185 244
144 957
9 325
258 551
645 916
1166 485
859 169
441 1108
994 152
393 894
1113 567
873 730
301 1241
609 543
1086 1127
417 30
1208 560
986 1217
884 1082
364 125
756 288
448 373
294 888
239 46
877 470
939 586
874 408
74 1174
408 521
475 252
244 891
119 210
47 943
23 769
783 386
893 297
511 99
508 643
824 584
688 297
1053 224
882 685
631 794
455 1038
73 929
1128 154
416 1084
363 463
785 224
1231 326
609 720
461 958
657 968
359 239
310 884
536 1201
1107 14
482 335
807 937
1210 717
462 1096
870 716
939 1071
1016 320
53 843
646 499
321 1106
53 977
832 411
1054 979
54 186
938 998
199 179
91 844
1115 1139
157 173
831 1027
888 528
694 662
848 584
101 90
1082 422
1195 1135
1236 623
142 1048
360 33
1233 57
1031 29
73 959
710 1025
856 866
1197 284
489 682
649 1182
102 255
524 203
182 203
462 1214
1175 456
595 75
101 955
108 1171
849 976
1199 759
531 667
542 1225
130 497
267 618
1016 915
397 956
1008 758
996 1189
960 216
1162 893
509 515
806 609
66 913
539 752
485 334
269 1015
839 810
998 968
1145 23
182 919
938 578
633 704
1174 387
489 892
440 409
382 949
762 1025
154 665
14 1018
864 282
791 299
930 386
1104 671
246 44
186 1183
460 657
483 392
881 810
1121 1159
1218 99
704 576
1123 857
1079 415
146 1092
29 847
1211 658
1145 737
1043 1007
4 1126
888 190
1068 106
684 147
335 323
956 215
240 771
313 781
1184 33
397 1021
285 380
871 314
1064 679
809 967
174 448
570 178
332 54
205 1237
160 888
143 332
1048 936
546 1126
465 697
665 246
567 1061
25 851
37 734
1002 1100
9 407
663 182
854 1070
197 1186
1124 401
1019 1121
1126 1161
211 933
694 757
817 996
50 78
1241 616
977 1104
63 1013
596 903
872 604
68 131
623 922
1201 658
704 1083
1058 481
962 781
239 1172
472 932
525 1126
524 412
1203 524
865 938
386 928
548 819
589 178
19 656
146 641
174 105
57 715
1187 953
1196 745
492 31
514 801
800 876
685 82
47 484
605 911
19 828
435 566
405 861
581 423
276 726
902 287
831 796
1002 614
507 794
1197 836
662 469
395 220
103 917
301 1228
1239 744
898 16
330 91
419 735
952 999
995 1065
321 493
1189 989
48 787
200 392
177 155
1228 838
623 219
1057 563
974 117
550 971
698 44
824 1027
1213 1
358 761
837 1191
584 995
442 370
743 489
1156 942
719 92
934 543
767 315
761 583
715 493
537 23
60 1234
66 883
1019 1117
721 1215
636 316
1164 1058
1149 202
186 650
691 1179
188 6
1108 1121
548 634
32 67
1054 584
398 349
607 295
341 510
1178 1197
385 495
1008 859
811 930
675 556
1132 860
1205 419
635 1230
262 340
1109 809
973 978
875 785
320 1110
971 764
164 1149
1112 1179
942 93
432 709
951 1080
235 384
394 1204
1081 195
183 480
814 1129
47 383
865 760
1005 1023
466 734
545 629
641 253
404 341
346 836
887 55
512 1122
439 744
1084 116
938 1141
428 959
379 1241
846 426
220 308
1023 1224
89 247
554 471
876 1194
562 1117
132 907
549 1018
961 1061
736 1237
401 417
1191 97
316 377
1055 694
215 498
957 434
805 738
255 731
985 808
1039 457
761 359
170 730
24 719
344 823
376 918
656 776
93 605
710 408
820 362
939 1034
859 493
226 260
1068 480
990 649
47 625
1105 645
984 1113
1212 845
590 152
264 803
1069 758
337 1161
1200 1046
165 778
166 942
570 862
193 634
1121 19
951 707
506 835
91 207
76 912
78 46
353 667
198 455
228 25
1212 402
1024 1008
45 1026
545 48
726 952
910 756
344 789
613 1133
255 1118
726 183
83 802
932 161
685 43
665 720
497 893
583 305
1132 365
72 1176
149 454
1224 713
164 892
227 346
277 839
237 369
715 800
551 798
360 241
958 883
122 381
361 618
1111 943
761 1002
1145 832
774 1132
44 756
603 45
244 829
390 521
265 464
727 979
23 37
535 220
115 89
1102 236
470 60
692 177
840 49
1016 744
718 549
472 599
1142 1074
643 145
499 871
503 763
93 1229
501 115
1103 873
173 1056
962 33
1129 28
92 417
204 932
465 1058
272 1182
365 581
539 103
413 1020
247 749
649 587
109 741
413 447
694 112
78 866
1167 877
736 893
742 828
68 784
356 533
600 465
473 964
1045 850
1066 54
628 1151
802 35
334 748
613 746
1194 1144
696 1110
768 459
583 263
110 84
928 178
867 1121
710 225
344 1020
1026 147
466 688
38 1093
435 677
965 769
184 175
111 1215
77 806
1083 845
1103 425
945 1212
346 631
148 1212
510 695
195 691
312 1058
675 777
504 712
467 939
147 28
304 168
202 252
142 279
896 1062
1123 757
83 664
727 428
53 713
398 400
4 430
1090 153
246 523
768 588
1072 1234
123 1056
1099 264
1224 60
515 124
338 169
1185 57
925 27
720 249
292 610
799 690
847 640
957 695
793 1203
1055 319
387 723
149 509
537 6
772 519
1144 1124
480 78
52 424
134 814
288 691
1062 579
1138 457
1106 743
1097 822
34 486
621 1088
804 1007
569 790
112 1106
633 721
221 536
603 701
451 492
962 585
65 1087
1113 964
262 1010
180 127
349 1114
786 383
358 165
67 999
1009 474
547 958
176 1017
437 396
149 877
1096 600
128 654
1184 30
499 893
993 761
499 1010
725 848
882 107
1068 1077
109 1134
834 1117
366 1218
671 541
994 945
775 1142
580 467
500 545
1121 280
412 216
1011 164
814 268
1011 135
953 490
241 779
325 349
672 997
62 875
973 570
13 563
273 787
302 691
1091 801
1235 808
919 406
1024 688
407 434
793 14
569 505
503 647
42 666
834 551
259 733
23 1231
62 35
391 334
659 692
1024 508
89 856
1154 1007
20 936
453 264
1207 1084
277 534
347 618
1019 226
42 611
777 300
102 799
127 163
671 517
335 88
1046 117
433 1135
972 345
900 829
1118 1191
930 1084
1033 1207
214 1217
421 1232
201 462
601 815
599 541
210 563
541 880
918 875
805 722
830 1238
453 560
179 1191
1227 56
1140 915
977 769
718 1190
582 1138
1019 620
196 216
194 632
756 241
1033 56
1121 709
768 522
27 356
356 480
754 535
429 577
428 165
88 1
771 806
1028 111
540 805
730 574
1021 761
1043 373
1002 834
266 719
139 1034
1078 4
148 193
321 739
74 830
589 162
830 118
805 616
66 1182
18 633
352 876
1232 154
7 992
825 273
307 802
1144 143
805 50
173 963
627 737
308 700
163 896
861 992
851 262
205 754
203 60
145 554
935 1214
545 941
964 129
1051 1108
930 953
10 331
841 20
52 226
757 359
925 919
1092 383
508 539
482 550
51 684
609 33
1076 140
6 379
1080 807
507 890
674 33
601 521
363 200
540 252
263 1134
448 1188
650 298
167 1157
674 648
303 724
1170 749
595 1004
888 600
141 726
3 486
212 676
518 651
1034 719
688 171
970 951
63 177
735 550
312 739
465 986
1224 605
306 1152
112 900
752 999
258 893
322 99
1216 533
774 492
1021 405
1048 468
413 615
15 313
629 749
863 940
246 1165
522 228
529 666
1218 478
324 728
236 420
217 395
518 191
765 1129
683 545
130 327
850 542
941 864
855 328
371 476
1106 454
237 224
519 765
889 495
2 1051
1061 75
229 36
469 584
227 1233
471 747
374 601
1073 1223
980 611
845 593
938 1053
906 640
265 1143
864 622
504 349
1116 505
158 773
417 224
809 723
807 1035
715 37
378 926
475 47
908 213
657 349
644 192
161 308
831 263
47 291
884 551
478 597
893 635
128 1148
859 774
629 424
567 1181
298 782
866 772
829 370
823 244
718 225
435 716
370 1104
979 255
1232 459
643 468
1055 132
941 1021
38 558
553 505
819 958
444 955
336 1147
323 1164
275 1145
5 831
1207 277
305 174
139 1121
266 1209
177 908
435 1231
1039 134
848 915
529 1239
178 1186
793 459
899 1128
365 1221
1051 477
963 1055
66 766
90 209
777 67
88 1042
34 264
708 306
92 344
278 777
1096 806
774 32
588 325
490 83
50 692
1142 1100
1169 863
751 1234
225 840
201 1002
744 127
802 777
228 107
921 157
288 1198
934 142
600 304
11 1188
467 338
29 516
1030 1170
212 957
629 962
787 854
398 826
614 1142
952 12
515 1017
1197 194
1174 243
1229 704
384 588
845 232
534 1149
570 562
261 358
329 472
1152 957
30 697
569 266
281 1020
166 1070
870 518
846 825
550 616
1068 537
1157 48
1124 598
118 254
506 687
654 604
882 982
914 630
535 943
85 942
1208 204
720 1211
32 186
326 715
1011 875
1168 675
8 1083
722 1132
440 839
1223 783
122 635
145 841
213 1058
229 748
598 314
448 402
355 1005
372 224
1029 697
939 798
168 703
69 175
545 628
1144 822
64 1126
201 185
357 345
1026 570
1241 1092
1155 435
164 199
836 356
1041 1207
580 828
500 115
222 667
817 290
680 1199
918 582
617 981
466 817
1003 661
1000 625
1068 999
476 981
192 477
1017 1027
833 816
831 9
241 1168
432 777
590 1111
573 104
451 1189
922 755
765 683
174 523
1146 1241
118 380
818 309
694 593
1173 285
5 600
131 245
527 91
545 958
868 1134
665 199
1237 1115
146 755
466 748
196 477
29 100
314 146
317 1131
292 1011
320 224
1133 325
823 23
407 1187
113 951
903 818
681 164
1016 676
38 1000
189 341
344 223
818 373
160 1131
356 315
859 648
84 1178
709 1216
99 128
1076 506
74 1189
215 814
603 896
978 378
168 853
1215 195
1193 317
255 607
527 414
497 721
728 1193
1206 649
1129 511
624 1228
638 296
492 549
243 544
1201 846
36 937
1061 204
386 872
236 175
1026 490
782 150
741 1116
708 228
1067 672
714 792
1182 96
616 416
230 1107
965 310
248 924
993 283
457 650
486 680
280 559
854 1144
1048 232
1131 548
106 597
613 1010
27 85
399 1046
19 1014
220 248
880 1022
557 965
704 309
6 998
958 330
436 1076
888 1128
816 533
118 705
1080 62
60 451
909 1165
373 66
969 391
1080 1026
638 556
807 1033
279 107
100 122
943 895
451 137
567 1177
1102 141
468 1220
845 144
1119 742
594 786
665 966
852 230
1195 690
15 429
4 659
220 282
765 157
241 466
1052 692
441 377
465 301
356 932
117 1200
1075 1235
539 265
618 1041
1068 228
30 1021
755 1123
209 758
378 266
877 1142
423 1117
205 233
405 483
447 869
621 802
559 738
599 230
569 1137
332 1186
936 159
10 803
1017 764
522 1063
118 899
88 994
638 510
708 680
580 1112
1162 1026
740 541
425 1136
1116 1023
1204 282
918 294
64 450
290 74
1091 66
675 209
966 793
946 1053
545 180
159 1090
859 738
961 617
361 297
1157 785
191 870
404 1232
989 80
285 1052
367 574
963 54
477 397
101 202
1189 1046
1092 330
1063 10
179 680
585 977
55 783
32 1049
164 60
677 567
51 262
484 335
73 689
746 873
742 1223
28 680
21 1054
322 1112
1222 143
1121 1238
822 303
973 714
1085 842
522 1087
901 1036
412 789
57 896
961 1208
343 466
839 922
285 705
361 305
355 520
175 335
663 1134
169 243
33 1141
795 955
579 75
800 239
1110 1212
865 1166
704 585
970 1046
888 568
726 1172
31 924
73 385
203 247
558 703
1218 726
945 9
464 336
964 1042
410 360
1118 279
330 742
41 1033
1164 849
675 810
175 1239
740 205
921 812
427 961
896 984
422 711
469 1205
719 770
299 279
570 547
639 285
663 806
1026 703
436 948
310 1110
354 322
1107 1093
364 625
501 791
182 1234
371 604
703 677
405 19
205 541
297 775
1087 773
1059 508
176 681
1049 611
225 1196
479 578
277 183
267 640
645 605
27 826
597 398
26 1138
1074 268
1156 38
809 49
650 492
660 467
1000 835
985 807
42 1209
761 358
545 875
540 811
112 1022
12 138
607 608
535 470
342 206
738 94
243 143
1222 892
634 640
1196 392
71 939
1036 112
744 394
307 47
1106 685
695 1217
465 706
114 909
1151 486
138 90
691 713
183 771
693 163
259 85
640 213
315 548
989 1188
497 329
340 804
375 205
247 907
18 711
209 131
217 119
455 192
208 983
742 228
513 193
391 771
115 868
822 429
175 407
376 671
736 553
233 948
595 479
614 613
1028 660
581 1082
778 1035
32 823
615 773
1051 1127
965 38
494 1079
905 1153
105 1079
319 318
509 892
708 579
598 62
1058 1049
512 682
468 930
522 1083
562 391
503 1176
1163 150
1061 724
187 151
399 929
63 503
767 219
658 1113
948 125
450 142
24 104
1029 373
785 255
61 1144
1175 622
293 274
556 214
423 213
775 447
364 1174
135 264
273 739
482 931
610 26
893 897
167 754
1001 1195
1126 382
46 1186
123 1221
405 415
91 960
467 514
1173 1241
960 133
1011 932
396 43
429 715
811 876
740 300
370 906
891 1208
860 775
186 743
557 308
560 961
723 651
518 1027
1164 449
864 720
581 634
249 814
514 515
287 1162
1229 1026
58 357
690 948
161 146
319 346
889 875
654 207
433 1214
857 950
999 617
1236 459
1175 413
930 20
1226 40
534 271
1039 521
55 1096
715 582
640 875
566 958
1221 51
430 633
257 862
443 952
408 38
165 402
496 1177
814 23
1196 798
62 489
1068 1101
847 960
793 321
138 192
1195 703
987 1012
753 175
241 848
874 683
396 40
720 560
279 1054
496 1092
1076 450
486 975
776 150
672 382
947 224
702 1085
253 493
384 1239
264 1137
173 342
581 884
1025 976
924 341
132 1202
1232 627
891 904
915 135
638 449
123 68
668 1069
129 1207
912 381
459 55
379 560
1029 389
901 206
31 522
1181 792
701 71
591 691
536 240
354 47
212 829
495 334
896 1001
1241 863
966 911
2 183
803 218
580 590
444 78
795 475
599 572
1104 58
481 453
587 1016
530 940
1062 580
365 153
751 1098
1153 750
719 716
420 559
736 1060
776 75
247 1220
152 879
291 588
210 1232
484 690
282 1070
302 811
606 1201
1228 970
112 738
826 1103
246 304
415 503
862 1150
322 234
1224 568
50 1213
205 340
560 414
169 1043
941 450
871 1080
19 235
1039 6
1042 989
581 626
688 826
767 1102
88 387
1010 247
459 993
814 508
802 856
686 120
1108 854
1000 807
62 629
484 80
701 281
1164 339
28 503
965 715
1167 490
575 1092
715 344
97 1011
1174 748
277 734
362 962
692 228
574 450
873 635
917 115
553 214
395 313
553 261
654 114
975 579
603 147
429 1155
328 363
924 260
1110 1039
831 230
759 281
296 1171
731 1168
564 244
41 954
457 273
26 1009
533 517
1122 105
1095 322
251 120
73 578
320 835
675 188
632 264
255 149
545 550
1157 1113
476 480
115 354
30 409
627 55
15 997
571 1136
1101 262
54 110
219 127
525 538
799 1199
725 189
222 980
175 604
126 91
313 440
408 265
793 437
673 16
330 687
1013 738
420 710
1000 311
658 1218
437 1182
353 1073
978 1077
20 1037
653 33
237 617
123 549
1056 368
651 607
804 1161
461 971
607 70
468 864
779 64
1174 195
1119 208
1215 230
39 951
1145 1138
584 394
1170 820
1010 1130
1206 824
256 615
28 897
534 326
627 978
395 932
438 1173
995 371
1206 872
416 1017
1102 454
726 1005
188 1147
157 116
725 1167
1083 689
587 1176
1141 452
670 271
777 55
8 1171
986 445
941 577
653 905
207 1068
680 67
119 2
909 306
1148 1066
260 469
829 1180
995 12
1115 894
464 543
1002 1240
435 1009
1170 17
51 869
593 541
370 799
206 887
704 324
888 371
467 632
33 564
938 699
503 691
549 214
181 1012
594 1182
848 1028
788 614
882 838
79 233
1216 448
869 180
93 169
341 818
378 808
46 248
1209 983
785 308
270 92
521 450
941 1114
391 547
738 1016
1161 378
450 1239
610 424
284 76
604 214
244 944
1032 621
348 915
707 154
657 250
461 764
341 982
1214 40
692 201
586 189
1216 343
566 424
341 1014
685 462
1089 47
675 1170
829 303
388 1014
1218 1094
1167 471
102 387
1234 280
1206 1044
157 656
3 580
844 1056
923 7
76 1101
1020 761
321 867
645 995
633 232
1136 1020
5 1112
872 1171
179 811
154 9
1053 1084
774 893
423 214
708 104
220 783
1042 1239
302 121
702 785
953 94
1016 847
1113 858
555 582
626 733
1230 779
742 917
735 391
759 267
42 1019
318 749
960 538
129 760
373 268
718 1075
1052 268
1006 827
952 877
281 266
55 906
836 1123
282 174
798 1016
564 153
1120 606
1172 196
1192 728
733 79
85 1106
347 802
777 157
907 541
821 618
14 1102
721 1148
604 153
1029 885
327 585
659 728
575 537
1171 343
733 1122
1071 62
1200 1155
1005 143
553 540
138 57
1080 958
674 932
656 1232
838 19
143 625
903 307
1047 321
873 380
857 802
561 186
682 228
248 479
1220 11
621 531
389 758
587 65
313 1098
996 968
926 592
986 907
1216 648
1051 859
806 682
1239 259
243 396
445 924
623 530
161 601
540 620
969 766
136 153
831 286
9 585
13 773
1015 836
438 989
242 247
445 885
929 280
1144 1009
675 185
691 56
714 690
656 12
68 221
616 41
373 205
327 220
789 177
992 562
1012 26
148 1092
110 592
735 876
871 475
643 142
659 1172
197 131
620 690
1222 525
910 596
403 42
800 567
261 185
743 1090
747 352
1115 732
202 1062
1161 774
697 790
8 1177
769 666
1107 965
635 485
251 615
847 998
1210 9
877 606
413 975
790 1156
823 295
266 534
864 305
355 783
1078 889
331 923
824 937
186 690
660 820
1012 748
193 456
505 1240
464 1219
604 876
953 152
628 372
285 731
906 1148
690 710
583 858
229 165
554 414
692 1051
1233 301
558 184
756 900
182 1057
715 785
529 426
775 1157
798 1059
484 300
965 116
1235 251
663 576
1109 891
578 421
64 1108
68 1134
167 625
1156 760
121 96
575 836
719 1103
1099 90
856 493
1148 99
792 709
52 623
960 714
1036 827
201 211
1085 102
77 1152
1236 81
374 1150
840 332
1083 11
1167 398
951 863
487 566
114 231
502 906
940 553
125 496
1104 1161
81 63
130 1003
165 44
913 1238
124 1124
1146 801
215 825
811 1219
1223 520
840 306
923 954
537 21
456 73
573 580
568 273
337 486
336 304
85 338
347 835
334 308
718 238
946 932
1062 515
909 881
873 346
1187 392
1137 320
413 351
230 823
768 797
1096 1105
1120 28
5 1204
365 352
797 698
659 111
773 202
1042 431
554 548
1150 185
731 1095
415 626
11 827
814 240
408 340
874 100
41 752
127 46
552 491
235 1186
1026 731
56 395
932 935
664 245
79 572
267 647
263 681
31 273
104 682
512 350
860 1223
449 738
571 414
783 960
904 855
904 527
345 797
759 1114
329 181
1196 245
752 222
730 1014
740 598
45 844
39 394
1193 898
213 238
394 783
651 1015
501 152
628 2
516 810
798 33
521 964
214 475
1047 965
534 535
738 33
1132 620
876 1170
852 665
664 1064
740 1058
606 150
669 1106
301 1134
1107 816
703 502
848 1061
62 899
294 1108
623 666
239 1198
698 130
576 170
58 186
672 560
1088 170
376 452
319 1044
154 457
936 1099
1110 235
197 555
1133 258
212 24
1204 672
689 201
628 145
330 1042
314 226
1065 985
785 911
992 998
1200 1149
638 113
364 170
1049 71
405 4
463 296
99 674
319 61
1184 1007
100 570
989 267
208 1140
330 32
883 1114
780 472
708 739
379 104
689 580
274 496
650 516
499 1112
649 435
383 806
334 163
409 433
570 157
699 778
55 1029
647 776
739 185
6 44
761 384
1226 208
801 258
703 210
611 1039
1159 19
233 138
824 566
300 1232
836 708
1226 293
244 40
1159 728
653 495
912 658
538 432
879 522
639 438
618 1180
485 1228
977 241
1084 1047
216 504
209 516
333 1044
1061 317
1175 63
194 930
790 846
183 298
100 558
567 978
1080 1206
13 294
982 497
118 555
575 1202
361 791
302 569
1144 634
210 963
789 143
1025 982
1072 411
425 1093
546 524
409 1113
99 85
915 111
216 655
445 334
1209 1020
132 166
569 433
735 471
905 782
192 290
762 1054
1109 430
61 292
281 606
816 528
315 914
450 1229
862 666
480 65
999 448
1084 1130
451 411
159 1185
719 1063
563 748
111 83
398 1220
513 458
108 631
902 761
1158 1054
271 367
1042 1132
1032 118
1197 627
403 1039
353 854
47 511
635 603
171 1198
110 119
39 507
1176 389
803 43
1020 301
803 936
1192 912
1140 830
802 768
948 757
153 109
393 343
962 277
854 356
879 862
312 988
818 188
92 753
577 732
633 355
870 32
1128 820
943 1027
409 504
553 115
19 544
61 249
886 1023
525 336
137 163
1197 286
311 917
285 887
407 755
1241 1114
786 1128
531 488
751 939
991 62
891 847
605 951
1096 250
570 217
585 544
379 379
829 1205
1152 1140
880 33
623 1125
625 623
835 169
347 124
656 935
1062 243
996 549
1090 198
97 782
285 666
998 707
1210 1215
1085 635
1016 833
533 492
703 1156
375 86
375 1210
255 559
92 748
252 992
991 1085
137 839
217 325
737 1052
1032 543
863 713
1177 637
305 469
1129 845
221 100
931 433
1147 1185
829 1077
691 1080
665 278
761 801
1116 802
872 1170
964 205
981 592
747 440
64 682
915 206
988 802
1050 1046
739 739
237 645
520 1065
480 1049
741 1144
85 99
541 1039
900 9
805 460
213 382
890 959
822 791
400 495
996 146
1134 642
1192 469
1219 25
1113 497
928 189
142 265
1170 65
363 308
941 1100
316 504
319 529
886 1208
84 466
757 483
798 349
467 690
990 255
1158 967
279 868
61 1044
894 40
68 823
104 430
968 1044
289 42
307 607
408 1192
411 492
254 1005
812 889
1191 37
337 939
129 91
503 408
796 401
210 449
440 115
1109 544
545 673
184 833
714 490
36 960
278 284
210 369
47 1021
16 1237
896 190
772 1024
119 33
28 752
433 76
1200 873
190 905
13 734
336 196
163 888
524 198
606 639
481 653
846 365
270 861
360 1165
889 970
786 1007
1002 813
517 32
726 314
742 916
1056 592
246 1230
625 409
714 986
606 1157
384 925
568 1067
48 837
686 246
599 171
1215 143
1177 813
793 291
844 278
442 182
1031 256
773 35
82 157
281 795
1142 725
710 122
408 1115
1188 455
711 471
538 68
479 511
48 253
83 840
543 764
1117 822
946 906
1077 315
779 997
309 1059
388 48
542 1098
169 787
809 1195
1080 278
262 376
183 740
887 230
992 807
1070 131
167 783
952 1112
286 626
24 1064
381 332
719 606
379 1099
462 386
644 1109
339 482
145 438
858 328
1015 341
395 604
985 223
734 1151
844 283
860 1129
908 883
789 1126
1214 266
490 352
123 790
737 605
657 913
1086 639
1188 540
804 961
718 1199
323 299
18 895
209 861
1177 906
748 681
547 133
565 357
399 892
708 359
440 41
963 934
791 646
332 737
1185 1135
457 500
930 617
798 948
270 844
405 205
508 991
723 1054
1123 1125
8 118
776 553
477 1053
594 36
746 1222
681 915
718 625
646 1012
962 335
387 518
1120 657
121 283
699 466
1111 19
117 993
1143 124
1110 677
676 183
489 1107
219 1072
1088 899
583 564
120 1228
334 1081
159 558
196 1116
1052 154
1237 510
619 1106
528 735
695 429
696 564
944 131
584 29
1237 802
938 921
460 279
243 417
103 414
257 100
810 290
1215 620
443 1048
1129 899
913 253
393 366
520 1088
767 60
1056 110
88 890
749 1025
569 1208
1141 650
384 1081
1063 478
1180 631
605 992
1089 1047
798 976
704 469
1067 934
673 183
619 36
242 433
145 329
81 894
1191 488
698 1090
1137 919
929 796
1234 706
24 597
456 1112
240 12
684 782
319 509
474 991
691 930
864 770
1201 847
1098 1119
337 885
365 1034
733 260
550 259
1056 380
964 917
977 16
787 1054
27 229
594 183
576 906
1011 1104
594 634
633 391
239 327
269 575
1212 633
731 754
799 383
1134 359
58 707
374 682
357 239
910 951
421 82
453 191
1186 884
662 415
34 900
741 302
233 549
934 437
1090 423
1029 485
805 759
682 700
62 1055
140 418
1131 1050
1206 149
969 417
177 751
1139 838
1003 1172
496 341
232 566
889 1003
840 575
23 465
1060 827
1061 500
124 1122
151 263
137 41
1150 101
189 878
356 203
225 91
1040 1228
21 132
327 90
535 1215
1092 1212
549 952
436 205
376 255
704 499
1215 692
761 110
732 670
48 758
144 241
960 368
331 596
354 351
565 680
278 1099
492 129
1070 1040
1080 102
1082 214
356 544
550 329
1235 70
276 564
739 324
1159 720
564 716
1087 895
1149 200
1083 473
717 120
330 1208
86 1237
844 1003
97 684
1055 291
1065 363
457 897
270 733
219 846
1056 1215
324 216
689 170
948 597
207 790
907 923
747 1236
728 670
1070 330
269 1166
852 82
53 675
283 510
330 552
1 386
1236 1056
360 318
1109 886
325 816
79 531
364 985
51 948
818 778
376 646
1107 644
408 555
564 461
1230 684
808 156
1073 808
542 1067
460 739
1223 327
221 306
1142 300
837 102
1122 725
1049 698
261 21
1181 1205
503 348
519 904
646 345
346 50
857 879
1082 1154
376 1063
239 597
1206 1219
734 639
79 614
122 966
1150 382
824 1089
184 85
33 702
988 516
884 1171
565 142
1186 18
1021 864
1171 1234
523 7
427 487
1063 1160
1126 1141
371 1085
703 117
64 286
1205 247
208 1076
786 1196
188 428
963 753
407 907
608 186
367 376
179 889
220 443
1214 41
362 1098
1019 570
779 481
686 842
604 487
1088 811
159 632
603 347
897 325
937 63
1069 303
86 195
516 264
921 735
545 893
775 744
587 553
72 125
1033 595
966 395
919 813
1043 1078
41 405
183 776
729 1119
838 394
18 923
588 534
1025 106
27 328
998 640
1071 344
1192 980
306 821
171 30
1053 1089
680 854
925 559
17 945
93 745
660 930
977 678
449 161
1049 232
266 913
397 23
311 64
204 99
1043 347
919 1213
376 730
899 894
343 582
211 197
124 303
780 783
1232 515
219 277
675 1105
347 941
777 743
801 1087
645 842
1186 446
1188 701
256 322
190 1154
1053 370
332 22
566 455
324 104
1238 152
618 53
429 52
1158 775
830 531
114 389
376 758
1230 158
1042 1014
697 1135
94 886
885 1147
1093 1216
1006 255
268 89
359 102
78 814
1233 506
703 987
1118 291
276 1070
517 490
424 505
485 224
277 1181
1196 209
663 839
1193 514
652 957
769 757
883 965
696 961
537 687
63 1078
433 1019
127 546
685 644
873 1108
986 117
1170 1101
1135 1124
1147 557
560 936
908 1211
489 273
726 131
1075 180
929 371
704 829
45 974
444 171
279 1128
652 1151
833 397
1105 761
94 999
481 1240
314 878
934 1059
847 181
1170 169
149 1003
1211 890
503 14
622 946
185 738
671 674
648 262
1070 349
860 1001
106 1178
999 257
815 529
75 420
548 1082
589 696
843 774
370 813
422 710
826 1044
378 1084
281 1025
1183 1188
133 801
948 76
738 543
333 311
910 245
568 216
85 994
749 765
365 956
336 786
424 1000
426 676
606 804
356 724
425 298
671 395
936 215
309 270
595 641
418 263
723 986
316 645
576 1065
168 940
617 342
485 1041
100 748
313 543
148 506
26 573
641 534
805 336
586 1113
605 1018
350 1023
40 910
605 193
313 1180
16 319
879 471
498 1201
108 597
707 420
977 693
925 840
24 163
1211 666
498 555
538 940
332 725
559 209
394 1163
401 544
1102 255
700 577
725 1197
536 832
390 1080
1089 126
531 610
965 392
772 935
1058 28
86 192
806 255
916 123
301 1147
45 702
450 984
794 1149
157 115
1105 530
946 253
368 631
216 737
1240 1019
966 771
550 620
636 635
649 200
728 324
161 1028
229 43
326 516
1026 957
424 1020
1071 125
308 775
215 513
164 431
1087 1
208 812
771 595
190 3
1229 677
41 553
1000 201
340 1066
243 503
341 1106
219 602
884 48
726 1191
661 940
300 662
1208 146
662 174
795 29
768 822
32 594
257 72
984 1094
110 1161
919 352
423 1097
216 479
457 1099
526 1020
886 1024
556 1023
283 523
1006 944
534 559
811 1140
140 680
330 396
589 72
249 698
1233 1005
1049 252
698 1102
730 992
797 1093
770 279
876 84
60 996
444 1066
536 978
221 105
876 360
784 1205
594 1210
35 680
666 1105
281 311
115 978
9 844
728 805
696 94
921 168
15 819
1163 459
481 457
195 701
400 908
899 1021
871 89
990 743
606 252
607 886
401 721
460 247
324 1025
890 857
956 569
862 970
146 783
25 464
1077 57
1165 73
964 660
1094 431
748 680
1174 112
931 377
835 1169
1097 53
175 17
915 1064
711 629
229 331
195 213
951 220
676 625
276 437
697 1078
1096 549
267 440
1066 37
551 594
413 1223
521 107
1113 533
1202 786
355 672
11 422
840 206
634 550
425 68
1012 538
505 467
374 359
854 479
799 678
515 1187
30 928
1007 389
872 878
921 832
261 1114
262 109
294 940
314 927
248 576
832 18
952 95
322 1163
292 1175
400 928
450 915
711 317
439 476
705 69
1192 223
900 49
95 1000
1236 226
698 309
990 783
722 580
638 270
513 959
192 642
731 591
328 1180
264 876
93 702
111 798
608 1140
1020 105
1026 952
1104 1020
1015 398
1166 763
1180 485
1180 414
754 451
131 945
1092 699
295 16
475 396
892 568
936 840
124 302
738 981
244 360
529 106
1217 302
341 1142
902 117
385 840
530 976
50 499
680 979
1197 812
995 431
1045 483
998 739
81 959
879 656
536 1122
1015 1064
1066 990
1203 165
728 863
120 950
461 487
685 348
985 1202
1165 779
772 918
1209 413
159 803
1152 77
358 627
732 893
507 343
553 169
91 352
172 657
1052 291
365 271
777 1049
457 359
847 380
1137 377
1135 942
628 1131
503 538
1207 698
1164 535
349 267
877 739
436 805
1090 607
220 738
897 585
846 270
230 61
628 1077
278 523
50 9
223 677
977 563
1052 942
19 812
73 205
1079 949
943 273
513 629
717 570
1204 372
1154 809
479 1222
869 1107
1057 985
226 944
993 287
380 729
849 28
267 706
840 340
910 677
1126 450
787 235
916 262
805 879
633 555
446 949
535 1152
814 188
733 878
1132 485
1164 108
1051 609
135 76
1152 974
253 821
409 1217
1108 1195
210 620
215 1014
95 685
328 378
393 700
127 1044
888 859
518 616
1181 440
723 990
887 857
904 797
428 1156
214 836
1131 1159
628 1179
538 680
951 470
1203 1116
686 192
575 812
1073 59
267 350
674 207
789 155
1196 272
849 858
1069 35
611 41
709 338
1200 95
275 334
612 1064
803 411
938 85
602 109
734 434
5 1001
621 678
1045 6
670 999
278 116
454 105
150 902
1224 858
1239 1182
790 111
274 1240
1174 915
409 708
837 849
655 330
1120 659
1168 499
1175 971
504 441
566 619
556 1019
723 544
517 706
160 353
484 788
463 596
786 233
107 1032
940 943
639 191
1110 517
850 1036
1015 621
765 116
1061 90
734 214
946 54
757 222
597 754
574 1080
300 874
272 923
1106 378
552 642
1159 1190
833 1027
466 279
660 77
899 183
30 556
110 764
769 1056
655 122
1115 10
876 285
927 1013
996 1037
533 698
11 1084
98 1169
1032 768
793 94
1046 211
9 541
231 38
1097 341
639 462
1234 1131
584 945
978 56
1067 502
906 821
297 197
277 307
1118 374
235 747
980 865
840 784
1075 686
84 1143
562 1018
242 1200
238 72
928 659
854 664
552 679
1165 217
258 220
251 534
527 128
746 599
874 484
60 310
1105 1134
996 1188
1035 316
964 1115
112 1040
1024 1039
295 637
300 847
74 223
1063 170
443 1151
703 807
37 45
2 748
366 61
1058 230
1032 650
14 663
803 816
374 752
614 157
388 746
631 687
351 542
909 10
711 1189
1161 173
592 1035
55 593
542 259
491 358
488 119
845 339
782 244
1154 993
995 364
987 141
1110 376
827 57
918 333
67 387
280 1065
397 710
858 290
61 158
548 390
353 873
508 1197
1211 1127
37 962
717 1032
1163 462
1010 869
676 434
926 352
766 992
576 883
815 811
351 269
1100 250
427 244
477 779
1116 984
573 923
708 609
481 183
237 403
482 6
30 1157
439 955
267 1042
543 681
521 1195
250 872
223 108
959 487
351 194
1103 63
1015 434
985 481
881 225
501 955
465 983
798 494
898 1074
46 1003
874 426
442 154
380 691
863 440
636 418
926 824
611 787
724 384
1059 467
703 536
529 1041
87 831
620 885
84 277
717 1208
1117 188
392 317
179 609
845 1041
1048 77
217 570
900 665
116 382
886 1012
686 347
144 1053
1226 230
642 604
1114 563
880 590
529 755
777 759
909 793
126 350
592 1174
426 646
502 1163
1148 455
141 792
63 665
1139 206
476 961
274 955
323 146
115 1041
573 481
392 1187
1239 60
738 1203
247 1167
1135 673
409 233
594 315
526 573
1107 588
1237 842
632 309
561 743
1101 883
888 1215
520 58
293 912
1082 290
809 579
89 1055
342 1223
486 751
53 918
1065 416
87 930
841 82
368 231
228 928
973 87
408 458
1140 927
353 191
597 193
318 2
771 407
1057 951
226 139
460 116
894 283
531 980
1051 131
899 15
199 1126
943 1010
1051 1188
226 949
873 416
1139 67
608 53
1147 1217
459 962
926 523
939 144
638 591
264 1169
168 1152
58 904
1167 256
789 706
24 598
652 87
305 121
502 40
187 948
92 93
923 389
892 445
911 589
426 307
1018 689
234 1023
438 129
685 201
223 70
906 246
667 316
171 809
436 510
686 461
216 778
391 976
1004 41
179 673
468 604
817 82
1131 889
942 165
1017 385
365 1239
293 1108
82 959
182 90
365 455
437 1050
753 653
424 981
225 24
1022 242
534 86
683 110
5 410
998 946
574 611
1168 776
447 57
642 366
854 661
455 1218
954 891
864 465
140 1126
205 203
1149 1064
444 442
987 964
389 829
133 1224
371 544
431 135
1158 877
192 558
1 1045
1057 293
859 769
1184 481
1071 1161
203 1113
122 111
773 403
390 356
126 616
1184 96
598 313
639 1028
286 555
502 477
951 340
118 766
633 976
293 413
53 1201
332 256
1073 454
204 604
856 431
960 819
1046 902
914 240
1053 150
1105 1176
704 365
411 251
543 366
1016 1175
100 1146
346 1231
1106 515
245 937
968 286
299 421
716 1096
1239 358
595 750
597 244
899 299
178 199
501 426
450 1043
791 224
976 728
129 1159
717 1234
433 800
767 1238
923 903
255 398
758 91
593 1190
840 1190
192 497
85 369
533 585
632 982
387 181
1206 1200
746 1172
1118 221
1002 147
858 527
143 540
26 398
775 783
488 126
731 1165
1153 760
258 1237
1128 790
581 518
531 805
536 333
763 40
101 639
99 1102
623 794
225 766
92 250
1001 704
871 85
668 198
8 579
958 265
413 682
892 831
1038 19
394 332
351 1156
210 289
392 308
149 1014
1101 211
376 1031
299 1214
331 1007
57 998
1204 1143
174 758
4 586
199 896
13 1236
914 406
164 1103
158 373
150 549
518 137
160 216
347 373
5 483
346 173
248 402
1171 49
142 103
806 145
526 842
1040 538
674 551
781 676
412 938
1048 399
84 325
535 81
540 720
453 382
1202 636
554 47
876 321
1174 1017
423 576
1161 786
177 798
1161 688
107 700
122 356
397 1170
592 480
91 1127
560 468
443 850
849 241
245 1240
287 1120
320 219
733 580
795 652
125 809
46 44
255 1231
582 215
345 978
1222 775
54 71
660 451
376 1102
59 1224
101 141
1060 226
19 138
282 751
718 914
1241 680
481 45
561 574
35 1142
626 217
716 606
991 769
514 247
1219 889
1186 37
709 1125
177 527
1188 34
665 228
622 1220
1142 459
496 219
342 894
630 376
795 14
430 269
457 18
876 970
102 853
455 47
727 1163
1009 742
287 955
775 789
1020 1234
605 920
452 1100
977 793
752 203
1006 143
55 32
250 511
1128 1125
78 1230
736 370
1114 222
292 719
963 416
432 334
1204 210
164 567
968 453
425 541
4 1014
743 847
1157 797
717 165
67 603
429 621
351 139
842 480
857 401
895 1126
572 695
1174 736
20 900
1188 282
199 1030
1134 941
473 1049
335 1189
1051 239
389 936
220 817
315 570
794 995
1050 409
1233 541
132 564
1236 64
1137 1093
963 1083
134 999
709 26
536 1182
912 870
967 721
1108 114
253 1165
769 567
494 321
320 140
567 150
518 698
713 512
761 608
364 320
287 335
77 996
360 613
774 1109
79 499
426 1025
613 678
948 1219
3 200
298 161
177 864
310 695
321 860
1044 919
226 166
1239 350
338 74
1183 535
524 715
402 441
1052 827
224 261
263 1171
238 104
1209 535
264 144
1236 411
676 153
29 479
1072 92
482 907
441 658
818 221
1192 101
935 353
541 745
1017 602
843 1118
531 1080
1221 498
211 81
480 206
491 993
196 357
230 26
448 550
932 726
1207 509
946 1157
447 478
106 825
1060 1123
185 662
999 553
500 816
889 549
896 1206
754 1224
957 949
339 1025
813 786
171 341
108 136
687 892
1130 1133
128 1074
554 1025
793 576
445 388
967 783
1203 614
90 695
578 681
677 131
226 1015
1155 1038
397 84
138 504
57 662
154 1025
392 119
857 945
1144 408
118 185
633 1084
805 594
294 894
47 709
171 723
839 397
334 591
193 730
674 168
1233 569
830 1225
352 1221
1181 1046
762 1083
27 682
559 831
34 852
322 1159
157 492
640 996
888 811
183 919
299 694
1086 128
21 512
111 210
329 51
14 929
971 63
404 835
744 963
263 615
411 584
532 568
913 1009
160 398
578 342
75 876
1035 998
1004 894
107 952
1103 273
1002 1117
1201 570
1017 364
163 520
1164 425
1134 171
846 263
576 518
30 735
753 608
914 665
80 546
259 921
198 365
632 1138
638 230
851 597
799 627
798 962
1146 720
145 876
891 829
1138 225
1184 1168
798 695
372 308
118 289
853 214
1210 888
579 600
785 1054
829 394
247 225
858 1045
1186 762
361 1168
235 10
755 131
73 535
1136 708
1229 104
853 1184
393 303
157 361
1190 573
798 571
385 223
803 631
447 419
272 391
1019 633
156 12
480 748
1221 390
42 1116
935 1108
1219 547
889 208
849 883
406 635
214 1041
1206 436
23 605
904 469
1023 1176
698 638
405 691
649 884
197 629
1112 76
341 805
1184 156
110 669
364 796
310 769
190 523
569 154
796 429
596 458
735 377
230 29
853 634
719 260
115 754
726 1226
829 1066
627 609
1222 575
36 182
129 345
950 318
705 115
309 97
381 904
555 1116
1119 622
982 730
1094 460
827 1208
1051 312
136 253
1085 1195
827 1120
135 956
62 923
1111 604
875 179
701 15
920 1093
968 797
311 708
123 163
1005 950
1208 814
20 996
211 1234
1087 1133
1188 672
1011 1160
224 910
841 94
111 475
110 811
327 867
500 1132
261 810
598 383
811 362
1170 777
1175 1027
370 1223
1020 215
1114 804
886 722
722 1110
228 160
1041 338
472 988
986 636
613 244
526 873
892 1123
15 461
81 1184
1237 1094
970 203
913 586
417 786
1227 62
104 545
1009 169
704 646
507 1013
392 89
407 1004
171 932
474 1062
652 488
119 732
268 1193
422 1075
155 94
257 571
717 242
470 658
625 75
826 1166
720 1170
938 949
18 1182
712 26
711 1185
1087 1200
269 1043
528 374
994 950
46 1148
1043 302
316 518
382 785
1175 844
698 597
768 176
526 302
1125 381
243 433
406 791
214 89
749 482
1131 35
693 721
984 738
628 623
878 781
1140 1097
162 911
699 859
267 63
873 792
365 594
1010 445
1026 174
1235 1239
100 742
317 1230
614 847
709 357
344 1174
979 1059
713 716
752 713
385 209
330 489
109 1040
1118 473
392 886
917 176
897 748
11 996
86 165
984 700
1012 290
894 1193
222 469
848 773
1022 358
82 166
404 249
492 512
48 369
823 439
13 336
453 748
1084 301
502 1169
466 83
465 74
372 117
25 431
424 872
1041 204
1067 1122
207 229
130 699
740 15
905 159
453 917
495 743
261 337
1044 763
102 268
683 567
179 892
521 203
1160 782
912 960
986 737
678 1030
803 645
487 301
659 150
298 950
905 792
451 1003
1128 253
524 1229
358 1044
392 536
694 751
576 613
291 84
169 35
820 846
903 219
250 148
520 746
136 655
454 878
205 905
639 91
1157 1001
1157 112
803 146
485 94
896 1061
706 1186
982 874
1059 561
316 720
779 565
705 1136
1149 678
549 361
152 591
24 791
681 1019
388 435
968 1028
580 211
1121 72
1109 423
1095 850
55 750
7 371
228 623
773 771
356 680
207 742
1041 197
92 902
987 772
517 1212
1044 243
998 220
454 716
291 321
1138 145
1170 1193
894 1014
160 960
396 770
327 751
209 371
251 1087
567 342
585 150
952 1102
120 592
103 956
812 394
430 1102
553 326
1084 319
115 575
92 112
131 487
882 457
1237 928
665 84
611 1232
426 1195
140 1215
893 260
565 834
1053 135
1227 241
1075 538
566 755
695 519
1167 786
630 56
31 108
350 1105
1035 853
1188 242
843 210
34 820
183 926
917 748
518 728
720 342
968 553
717 131
1146 170
649 1071
955 1116
965 823
1062 1152
686 693
763 633
935 364
842 968
1184 863
652 859
369 1008
346 1088
108 1151
238 824
40 142
832 526
1212 545
239 935
127 59
846 650
751 205
41 282
569 721
8 349
342 498
1045 548
264 1228
232 209
1138 469
870 1015
448 460
138 419
843 376
1191 969
272 633
377 860
838 256
1142 3
814 1149
189 993
243 1233
137 506
1220 368
552 954
675 181
727 1122
478 864
137 79
1077 87
885 107
557 21
967 1232
114 867
1234 927
612 181
516 855
11 652
1198 1230
1019 347
780 452
365 265
171 842
967 307
759 802
231 402
747 788
422 472
778 373
1176 609
58 384
627 411
1238 637
1062 1033
463 840
138 1
1129 502
104 58
1181 1070
203 698
468 433
1100 1214
1058 118
282 433
491 54
1041 386
438 426
797 272
901 455
1142 122
53 1117
1202 1020
215 64
915 155
971 1117
690 197
147 548
8 1204
504 127
395 832
181 194
1055 456
458 448
565 117
903 304
76 955
179 1115
571 394
1178 245
386 745
1199 1075
780 104
220 625
67 723
751 299
313 769
493 126
1062 788
412 224
742 73
527 655
865 705
529 195
936 303
439 80
1048 234
993 424
338 1212
1048 404
693 557
702 843
1164 1032
806 984
416 1217
1207 995
48 492
409 913
1035 937
945 729
1077 1221
647 883
213 398
65 550
368 950
791 898
266 90
499 188
959 1142
1009 134
1118 975
1128 1003
63 295
512 1097
1069 215
423 905
32 907
384 245
63 287
794 268
1236 182
1165 98
271 260
123 1229
160 1132
1200 36
703 925
877 765
1057 147
459 885
200 719
386 231
384 607
475 446
893 1107
551 726
1126 474
823 155
733 784
1221 892
674 1018
766 1214
701 401
575 516
385 871
1238 584
348 382
815 731
989 1127
1014 478
830 323
1203 714
634 623
868 125
165 686
855 676
462 379
648 1162
617 1060
274 1001
690 271
344 1037
652 996
365 237
881 1216
715 470
298 514
1183 931
1136 648
894 59
1171 507
572 391
723 1219
149 98
876 422
1098 324
692 38
119 1182
871 321
177 349
296 729
818 431
1081 597
1199 975
1082 851
872 1011
1195 202
1239 676
18 146
773 893
568 468
1216 1097
505 1172
1037 135
90 1052
321 385
377 1138
815 216
331 772
1191 10
220 659
858 173
860 856
687 715
839 218
366 165
523 178
1100 866
1188 895
838 36
543 1158
258 920
892 1072
1135 1060
440 1084
1069 497
339 524
670 1199
138 115
510 814
170 714
979 531
891 675
155 675
328 992
548 871
908 805
387 396
473 280
214 913
1202 1121
168 299
403 675
94 378
627 604
1191 635
76 766
1165 804
199 78
76 365
907 623
1073 411
187 218
806 659
335 857
168 295
736 336
432 1138
848 525
112 234
966 62
868 879
665 791
442 864
706 517
1228 209
977 897
619 1163
1114 21
419 45
877 586
340 372
759 609
106 366
971 218
599 696
117 63
333 781
853 612
403 155
966 227
363 702
961 819
623 833
839 1041
716 474
224 893
845 982
260 951
106 1230
1006 542
522 1122
604 693
661 53
207 1029
1128 407
489 848
1225 949
277 822
587 992
1134 810
643 737
388 740
284 494
729 48
873 1088
1169 236
539 589
288 602
249 333
389 1214
577 715
820 399
422 935
1058 1008
523 950
414 1004
446 802
502 729
54 1068
615 764
915 542
999 212
968 1125
813 1216
54 1039
1189 468
350 605
136 683
376 659
391 790
421 674
350 922
1241 241
749 614
1004 260
1155 600
471 720
483 1122
694 374
757 479
841 1107
922 466
475 1057
986 850
474 135
398 732
809 585
251 808
825 837
180 426
1096 1172
1025 325
650 104
43 1182
477 800
257 1155
503 1178
217 977
832 1202
585 1143
96 983
634 742
326 722
146 989
317 163
173 171
93 1035
333 581
1138 376
359 211
1013 615
124 274
390 179
9 1221
139 593
960 72
172 190
813 336
911 958
83 1227
1120 93
156 1051
1127 489
228 861
702 586
909 473
1038 1032
746 24
1048 754
3 1187
1184 801
17 1194
990 830
288 660
384 208
645 263
300 801
1151 23
1127 137
721 587
560 388
897 356
16 401
380 1064
992 220
1009 772
1020 1025
724 607
451 1011
25 673
1218 507
773 114
1145 682
1215 1030
818 694
213 1215
1081 1109
329 1097
106 546
919 1097
604 524
628 220
145 110
826 434
959 688
1106 773
1195 637
725 1098
77 698
725 732
1230 937
705 907
643 871
762 748
14 277
442 617
638 1069
836 783
1016 259
1216 733
946 918
265 737
313 827
594 227
283 1156
796 109
689 259
1016 90
967 374
676 980
651 1117
193 1126
782 867
667 556
1125 479
1127 667
155 1229
163 305
814 594
369 934
508 1164
1043 1196
19 655
1124 986
1028 558
562 275
271 755
160 1052
380 664
366 101
1143 89
767 1135
76 929
37 889
119 405
582 626
328 221
419 346
875 139
1169 661
534 328
774 804
1082 933
452 58
355 655
158 94
744 924
1229 819
450 24
305 568
266 886
1032 593
944 47
777 577
185 542
1075 556
869 607
1197 709
136 407
604 491
1061 761
422 401
444 409
1220 731
270 283
57 536
1006 926
966 546
972 501
1122 994
881 793
308 508
1238 263
669 417
460 327
1178 882
727 218
1128 543
948 1236
663 842
530 427
527 92
972 95
431 690
1089 70
80 1234
577 76
256 390
45 762
645 343
1088 581
1224 412
636 948
954 180
942 376
1021 68
640 144
160 209
77 590
736 1165
497 815
1157 1073
728 9
60 773
771 704
1115 617
1122 935
866 354
479 579
533 180
954 312
85 190
294 82
398 370
671 1134
131 1167
545 1125
837 32
972 734
804 501
34 515
955 993
46 580
105 362
996 637
379 546
786 464
735 1079
545 971
45 1054
863 13
817 166
976 250
35 706
983 676
1206 854
1190 757
605 1073
1174 709
194 928
104 572
232 890
873 967
565 15
696 448
1068 155
460 643
158 32
731 193
737 472
868 539
85 655
1134 689
324 1066
1236 355
753 98
765 984
825 396
547 1228
410 1080
434 74
1234 731
555 1230
763 44
181 96
515 886
473 437
137 365
964 461
189 958
815 941
893 338
522 477
572 906
301 819
745 734
893 575
61 206
563 661
249 581
757 601
64 1067
1038 200
190 598
660 378
314 72
1157 1206
247 275
279 656
1180 579
234 521
1150 1126
1096 1049
1169 255
468 14
674 1062
614 737
887 248
936 1076
845 193
51 996
264 1045
799 348
78 1077
1004 16
253 1237
375 1240
959 229
1047 886
321 274
899 994
1173 109
489 819
195 22
491 1039
214 541
632 315
344 189
500 259
1103 262
113 1193
95 487
1192 1053
715 835
535 873
1108 30
626 878
1218 952
455 171
973 783
1047 1186
1162 437
97 102
625 597
361 325
696 473
276 791
959 64
440 270
899 813
1142 603
842 364
239 656
75 531
826 1047
73 632
830 1072
1068 764
1173 290
119 292
452 653
602 727
202 157
629 641
426 124
212 165
726 892
528 803
306 602
92 970
246 2
360 913
1073 186
435 843
313 392
972 764
1044 333
88 1083
489 716
482 753
839 532
917 161
20 41
963 163
481 893
1132 726
894 250
397 564
274 669
165 586
1060 1136
1188 700
227 34
541 554
587 861
65 22
1230 819
182 8
859 983
170 98
634 1140
823 286
148 1057
687 259
323 851
683 1220
584 629
679 648
500 1057
1201 1086
676 1103
945 664
680 964
509 298
705 679
395 97
577 1056
221 562
709 745
821 1031
355 100
848 938
728 285
344 1227
100 142
909 614
3 450
36 683
172 545
818 877
1061 1050
811 234
864 869
633 170
373 50
1038 565
149 644
99 876
766 280
699 704
421 204
76 424
653 1190
944 825
331 358
298 1229
166 946
221 868
412 692
1037 622
741 671
1186 890
74 43
362 677
322 899
139 581
940 52
842 352
1 382
1014 169
739 1149
157 904
853 215
530 1102
906 163
482 406
834 264
1133 745
306 91
180 466
827 157
884 526
208 484
715 46
865 487
53 362
394 209
1103 1084
423 392
783 1167
392 23
169 1225
287 1139
566 430
1067 746
733 653
740 213
1016 947
696 489
831 157
813 883
356 1044
929 218
724 110
447 265
1114 838
126 41
660 412
1179 1225
679 1005
567 9
254 65
221 28
850 755
354 277
911 1166
1159 1105
968 846
81 450
793 365
715 504
1040 840
544 458
1089 320
280 364
1162 684
210 174
749 431
39 195
1023 392
471 530
154 226
393 1121
909 311
167 298
675 881
801 474
317 1183
769 2
261 886
204 19
329 413
30 915
681 68
1109 462
297 176
992 288
239 1222
167 1147
292 333
41 804
1052 842
1115 1206
783 481
1208 881
125 170
899 453
582 766
126 1101
833 1072
321 967
1085 1150
13 82
969 17
1066 19
187 1107
660 1238
545 534
1203 86
1014 1007
804 1138
1176 299
188 354
1064 313
213 493
1223 372
218 904
118 68
986 1086
1163 648
942 108
513 361
1184 1057
894 1145
980 504
748 542
238 520
840 425
711 500
576 762
992 557
1133 1047
219 1088
1114 1042
933 873
449 633
981 799
993 923
453 483
664 191
986 170
571 1224
527 7
245 1237
507 820
757 257
135 486
63 192
333 1014
1071 24
646 278
494 385
915 246
1145 126
566 567
316 149
574 724
131 1100
731 375
1095 1075
1033 449
90 1005
934 1231
1196 25
1004 1026
1127 246
1141 380
468 814
625 371
777 1028
775 931
1176 107
413 1144
1206 981
116 897
814 1148
104 904
911 1038
731 866
900 331
488 786
576 225
1165 1043
877 386
10 412
172 784
101 107
890 514
1088 692
253 1203
186 1067
1109 289
567 779
1164 1135
241 823
225 728
205 800
790 128
440 425
513 449
837 522
1233 775
466 719
47 313
170 138
274 355
1042 142
481 205
758 404
98 998
1064 322
322 27
960 1111
1233 158
133 342
444 807
863 435
340 1167
1154 387
238 1161
362 349
274 162
328 592
366 1085
833 301
679 655
461 1000
519 179
708 510
174 840
851 617
405 311
890 744
236 640
968 311
559 88
659 670
87 825
20 290
668 691
591 1185
104 1051
1067 247
970 1240
924 418
453 1166
728 1180
507 801
578 233
1111 974
159 366
402 83
1190 260
373 455
950 963
398 891
610 1178
110 435
22 918
271 945
94 723
870 659
662 135
218 1077
205 1166
810 363
128 1049
446 77
1146 656
369 692
377 604
342 824
378 289
17 399
1206 125
1182 1137
685 810
554 105
782 609
1020 986
371 588
1187 499
233 229
413 138
884 781
829 1098
1222 1008
680 196
1135 534
433 937
496 373
671 1180
1020 1224
1123 560
430 901
142 800
85 1166
57 317
153 469
454 874
1087 1121
730 905
725 6
1101 456
377 130
152 872
502 822
649 280
642 530
677 1071
189 656
468 273
581 362
589 733
669 881
204 352
598 771
16 1160
777 954
375 991
1083 526
460 181
1185 1108
460 585
396 974
253 422
388 558
694 968
919 1120
298 184
597 501
536 1032
30 389
951 644
1180 84
232 859
447 691
1039 390
395 95
812 790
1068 1064
1049 52
218 501
858 1137
217 1155
79 814
252 452
604 119
840 151
601 778
234 832
395 518
119 192
745 513
124 316
1140 1191
1217 947
1081 194
44 697
89 260
610 5
911 699
457 112
817 55
262 14
671 334
845 1065
851 801
1095 355
72 1218
508 1049
1006 483
592 683
676 635
138 602
733 585
607 240
42 901
351 696
793 613
710 222
784 151
1125 393
952 816
585 861
630 1092
669 232
172 1098
914 847
492 1051
46 1062
394 490
60 273
149 411
807 779
861 275
839 403
425 722
633 1214
134 1056
834 763
744 99
833 915
1196 505
359 284
153 404
104 384
731 164
657 879
412 222
254 1110
334 1092
109 596
572 579
569 543
393 1240
1144 1137
97 735
648 51
1239 844
335 1229
1085 276
372 574
439 866
211 688
925 303
394 17
153 502
450 563
1081 1018
1105 70
1016 1007
1044 950
500 451
1001 336
1132 1173
323 976
207 694
308 484
156 357
1171 1080
659 162
934 811
663 143
132 340
998 1237
410 611
840 212
319 99
500 1157
1088 594
125 54
1126 432
537 40
788 304
958 205
465 650
854 966
792 985
64 387
818 473
997 417
523 1153
353 1022
1069 462
171 915
893 295
806 615
565 1180
493 111
243 209
154 545
858 1007
107 247
588 171
471 3
481 226
419 1003
1216 609
622 1043
1070 792
555 559
925 119
1174 248
58 425
196 138
633 349
682 87
1193 789
171 378
797 641
380 1115
704 636
715 679
3 95
318 910
724 872
227 407
991 159
654 1048
421 850
1185 1053
1036 463
978 826
1089 1148
1203 644
386 179
356 927
814 1070
364 654
1002 682
322 484
312 386
891 1140
383 141
784 803
828 565
453 461
1028 189
45 713
95 1085
116 318
22 309
4 673
137 205
85 1138
886 244
218 1036
629 946
772 849
1087 315
249 511
879 701
809 665
889 691
137 821
534 90
1139 393
236 980
1065 372
1184 1149
106 667
151 323
299 618
1107 1070
63 952
143 311
59 1022
1011 868
283 496
317 257
76 689
184 1052
1081 419
790 743
628 732
650 571
1236 639
732 293
1094 597
122 1156
145 264
226 203
1123 1074
908 165
329 1063
259 404
348 443
52 187
699 841
929 86
169 176
494 164
814 1225
294 666
580 415
418 724
517 481
765 398
314 431
400 642
90 497
883 437
939 934
462 234
371 1228
157 377
162 651
378 813
634 672
75 1214
1086 493
534 199
811 57
435 1124
326 834
362 415
1168 1082
852 865
774 1151
937 982
118 1137
340 495
708 974
1166 783
784 849
1113 76
885 682
133 78
403 458
750 764
710 676
443 320
138 1054
67 1074
795 1204
763 750
1099 1103
3 403
835 1007
1023 215
452 894
290 95
173 422
173 413
717 922
1014 186
356 215
343 493
28 410
163 822
210 926
168 67
787 170
307 218
1014 89
432 224
820 721
319 992
981 329
1 294
9 1015
479 202
1229 660
533 1094
1069 695
512 1116
217 679
1182 841
687 85
1058 459
173 86
683 993
807 839
581 384
1167 582
515 1013
193 832
1052 18
250 343
1112 1156
876 382
1030 1092
899 808
692 344
892 346
802 1065
432 81
816 1076
757 1234
56 520
574 570
291 766
160 1181
622 409
282 492
323 995
711 1190
846 206
756 134
549 407
479 1189
68 910
1107 721
582 623
713 637
1142 1125
1207 30
487 125
1210 1108
372 88
196 532
1083 907
481 525
950 1074
658 258
77 974
205 144
481 1149
702 1062
530 174
458 269
1136 261
136 219
223 1183
86 594
1108 119
964 949
863 203
70 572
35 727
829 1191
298 871
93 778
778 633
598 1146
644 893
11 538
1153 1225
756 135
1166 679
566 1032
798 288
578 419
328 485
990 201
1212 577
150 106
44 80
883 660
712 239
564 114
970 412
651 719
395 4
853 157
682 16
1188 76
141 362
495 469
847 243
669 655
658 656
760 539
735 401
1198 44
477 358
157 43
769 646
762 1163
487 211
78 1006
226 1104
1082 367
62 335
673 746
415 1179
159 910
593 756
208 1165
994 164
1208 68
522 1203
110 49
445 871
1050 931
1082 965
695 1145
827 535
108 727
707 618
231 1122
555 228
790 985
983 997
747 736
1161 551
641 279
512 750
165 956
218 1214
645 1137
938 1178
878 361
471 986
925 1178
362 1156
896 755
142 444
498 1124
38 3
456 1036
554 1096
73 903
443 237
456 660
48 1100
393 985
874 29
1183 104
1014 867
619 773
727 760
1054 1062
480 1091
903 774
885 53
466 957
955 908
1032 169
164 1079
1107 556
660 577
585 601
680 195
64 395
5 682
1005 731
38 818
390 518
505 51
1129 149
1182 353
1099 733
902 21
570 605
415 1229
1181 837
427 458
869 328
852 874
1010 454
201 1047
30 590
161 534
478 48
520 256
239 222
1151 96
792 649
1195 121
1091 368
1187 1030
1042 210
84 670
538 774
302 144
1227 502
1028 1094
930 1189
224 4
1074 744
260 1150
803 7
4 353
493 1199
473 342
163 257
1209 1205
466 52
633 841
825 772
984 810
1111 771
662 799
556 885
641 226
225 900
135 1027
744 1217
139 1236
1012 449
336 1175
543 303
976 847
354 205
446 1016
976 27
584 683
635 1083
241 1190
565 719
12 627
377 1225
413 1120
1201 551
1114 971
837 46
742 139
186 314
985 540
518 27
152 90
53 574
773 687
415 851
473 817
203 542
306 453
258 103
841 1209
912 436
13 412
412 198
726 155
575 1081
182 727
1171 72
59 702
759 311
311 1231
966 476
312 1168
1017 618
217 33
720 1057
1241 228
251 1091
640 501
47 1203
655 460
1042 674
1024 971
746 1082
269 101
1230 417
90 954
892 240
718 667
857 934
537 173
749 374
401 838
223 878
97 108
677 589
567 477
1101 349
45 443
27 151
543 15
568 470
807 218
709 121
723 324
1055 1097
335 400
230 573
1237 452
47 1171
559 723
519 963
1199 216
1149 1081
658 1175
1232 1200
1028 396
428 431
451 975
551 1173
57 202
867 229
602 1096
639 435
306 685
365 703
166 721
262 1203
774 170
1042 190
1182 870
1227 806
24 251
1074 475
1225 384
244 1120
585 1110
107 1024
964 584
218 1108
27 420
407 193
978 506
154 510
513 1033
537 292
662 522
935 685
610 768
997 594
989 1079
472 170
947 416
1194 508
999 8
212 1026
265 456
1056 1
961 1209
348 71
1000 722
362 420
1081 55
943 449
660 536
1042 407
373 110
577 1158
526 367
424 121
374 473
1146 638
766 960
476 323
765 661
393 524
141 754
781 1221
647 320
428 65
856 67
310 1066
176 886
982 701
11 2
822 222
474 564
697 1077
121 1172
159 885
429 551
5 407
1143 624
386 386
943 651
450 395
555 759
220 731
241 1039
28 89
1041 687
310 111
1089 1006
1188 1209
774 105
690 1202
493 695
367 394
779 857
1079 1067
11 230
422 68
960 501
1106 826
589 743
109 899
854 1197
501 638
1164 34
580 613
1073 1072
1145 37
63 1221
464 679
674 139
342 684
369 764
589 1166
750 449
1034 859
1185 484
814 445
1121 575
316 459
1025 147
128 928
21 190
745 485
868 177
623 1210
699 991
570 46
916 430
337 262
716 130
958 660
613 531
942 331
943 1095
627 726
1079 754
412 1100
781 994
343 246
1170 803
214 627
391 621
511 1144
888 685
164 362
652 1122
859 1103
249 397
192 1191
88 818
513 1167
169 924
1025 949
676 1205
1194 442
604 4
907 994
624 14
896 108
698 898
308 109
616 1004
1211 702
1239 161
489 85
816 1001
10 984
521 1034
530 1034
835 482
72 198
324 978
1029 947
991 522
893 448
16 1200
394 469
800 363
1170 797
361 255
882 1176
1093 729
757 372
522 45
2 1194
364 73
1229 687
1051 1017
231 638
297 1123
1085 312
919 75
618 315
437 546
1112 797
638 590
570 489
77 1164
860 436
1046 861
389 168
771 214
693 580
1230 923
1056 123
642 737
272 157
471 7
31 179
642 668
768 1211
1156 683
971 612
1118 775
69 103
942 840
317 393
16 143
1153 1071
266 391
567 537
547 137
23 856
143 53
872 622
721 237
591 473
919 158
1085 633
932 1153
736 633
751 890
863 767
1032 613
596 56
1003 1000
431 147
1136 291
840 38
343 308
497 901
544 1088
1212 221
4 1055
854 774
804 186
3 152
1075 865
756 703
759 915
948 1027
899 842
1155 497
717 256
804 1214
995 1186
898 803
165 739
454 856
271 16
879 273
167 550
976 922
12 1049
870 608
393 217
14 306
713 731
399 114
541 1231
58 197
792 60
773 4
754 1044
1099 391
1154 1103
941 888
784 952
534 250
156 1093
663 548
69 514
691 619
1082 927
570 381
755 627
415 143
525 1188
1226 37
828 1083
265 740
944 1043
387 324
591 758
411 746
609 911
1131 677
184 580
1134 1103
104 462
81 858
1089 495
838 210
279 822
246 944
663 348
443 204
150 667
365 578
83 629
445 1213
65 466
390 1198
166 493
418 246
1188 103
578 784
312 695
365 395
397 865
581 677
1068 568
1181 30
1145 122
805 1227
751 1087
1199 653
150 185
447 315
515 702
398 461
643 975
1082 792
428 43
1187 663
908 364
98 572
931 38
601 834
1238 2
820 585
1089 615
1075 1076
637 280
1228 1151
820 384
370 221
1196 48
1012 383
91 795
883 836
1158 818
166 685
693 605
278 690
606 935
1112 291
146 784
125 782
901 1190
691 479
332 898
699 287
945 308
507 873
940 148
467 857
803 633
300 255
1075 415
782 439
108 652
568 253
32 530
872 933
479 321
170 810
1056 707
934 760
852 199
391 550
184 858
3 987
87 303
1241 1161
555 781
196 501
29 763
591 61
52 222
831 530
542 1000
1177 195
303 870
954 1154
906 1182
463 1090
636 303
673 722
443 672
479 998
49 675
257 1156
196 847
1054 85
1068 643
452 207
240 388
401 542
1095 1192
293 759
1132 593
445 527
895 1117
1086 97
385 324
1094 271
998 1188
186 1031
793 1239
954 458
479 164
502 718
389 740
1097 242
690 148
839 418
740 42
782 232
997 465
328 1219
788 18
249 382
1043 434
9 594
269 962
889 747
1126 149
61 273
726 1158
353 174
1143 1191
430 480
1070 1049
711 663
272 876
641 897
731 889
37 532
1160 1125
963 187
845 611
772 567
597 670
678 82
586 1030
93 488
817 360
967 483
168 274
1146 439
1149 545
95 638
30 1210
1007 1189
1093 728
1213 535
97 581
1101 532
10 375
451 433
1 381
920 817
741 483
59 908
756 1042
1184 501
183 37
976 212
1085 741
1238 936
66 1209
229 1241
387 1168
531 396
139 819
666 140
1200 345
794 699
665 690
203 18
490 1224
518 672
20 91
721 1104
669 717
636 734
523 703
734 747
467 1102
980 605
680 404
582 638
748 135
1174 10
662 1214
27 1152
1196 382
420 1053
472 979
753 979
292 148
471 814
688 1204
157 1154
1065 1136
355 503
299 937
978 884
909 748
893 329
720 757
77 512
1139 335
324 207
1151 914
1185 201
899 253
853 345
53 1009
95 1117
904 450
216 1202
1224 1031
682 729
537 334
895 1094
928 810
365 825
982 526
870 891
198 651
929 1097
903 540
38 956
146 133
669 1049
420 723
847 240
512 125
806 887
458 459
577 1224
1106 941
807 846
63 273
333 99
924 1100
1033 423
398 1070
137 381
1040 644
26 218
125 872
295 474
835 1100
1198 1130
156 534
1112 20
233 678
704 134
788 874
232 470
732 23
893 968
930 867
107 729
107 133
784 69
842 1079
543 435
937 499
324 930
